### border=300, eps=15, min_samples=3, k=9, value_border=(1 / 9) * 0.8
### 所要時間 474.0451126098633 sec
7382 8620 7382 13420 Egyptian_Mau_118.jpg
9857 11301 9857 11271 Persian_105.jpg
118 3690 118 20425 Egyptian_Mau_123.jpg
11911 11302 11911 17000 keeshond_182.jpg
4778 9334 4778 21911 keeshond_137.jpg
4480 6221 4480 19928 scottish_terrier_183.jpg
9382 9978 9382 15018 keeshond_184.jpg
2359 3881 2359 25787 newfoundland_186.jpg
29281 35433 29281 0 english_cocker_spaniel_105.jpg
3725 7975 3725 20848 pomeranian_175.jpg
5959 2985 5959 23776 leonberger_116.jpg
9431 5815 9431 19392 japanese_chin_15.jpg
21583 20977 21583 5078 Siamese_17.jpg
2877 4863 2877 22620 wheaten_terrier_122.jpg
1942 1250 1942 26379 leonberger_167.jpg
20587 15701 20587 5366 newfoundland_112.jpg
24207 14241 24207 2864 beagle_143.jpg
8622 18539 8622 9767 Persian_163.jpg
6732 1568 6732 17087 great_pyrenees_130.jpg
6005 3763 6005 21074 pomeranian_121.jpg
