### border=300, eps=15, min_samples=5, k=5, value_border=(1 / 5) * 0.8
### 所要時間 510.8338816165924 sec
7665 8337 7665 11273 Egyptian_Mau_118.jpg
8803 12355 8803 12556 Persian_105.jpg
162 3646 162 23619 Egyptian_Mau_123.jpg
11321 11892 11321 14100 keeshond_182.jpg
7795 6317 7795 20499 keeshond_137.jpg
4619 6082 4619 20012 scottish_terrier_183.jpg
7663 11697 7663 12730 keeshond_184.jpg
1840 4400 1840 24194 newfoundland_186.jpg
29940 34774 29940 0 english_cocker_spaniel_105.jpg
3301 8399 3301 21076 pomeranian_175.jpg
6322 2622 6322 19045 leonberger_116.jpg
8538 6708 8538 14160 japanese_chin_15.jpg
22145 20415 22145 3955 Siamese_17.jpg
5683 2057 5683 22196 wheaten_terrier_122.jpg
2563 629 2563 23169 leonberger_167.jpg
21878 14410 21878 4671 newfoundland_112.jpg
22236 16212 22236 1324 beagle_143.jpg
10929 16232 10929 9503 Persian_163.jpg
5315 2985 5315 18209 great_pyrenees_130.jpg
7288 2480 7288 21904 pomeranian_121.jpg
