### border=300, eps=15, min_samples=3, k=5, value_border=(1 / 5) * 0
### 所要時間 694.7703619003296 sec
9210 6792 9210 18288 Egyptian_Mau_118.jpg
14219 6939 14219 14889 Persian_105.jpg
361 3447 361 24618 Egyptian_Mau_123.jpg
16443 6770 16443 18349 keeshond_182.jpg
8110 6002 8110 26936 keeshond_137.jpg
4926 5775 4926 25523 scottish_terrier_183.jpg
11054 8306 11054 19976 keeshond_184.jpg
3090 3150 3090 29825 newfoundland_186.jpg
34128 30586 34128 0 english_cocker_spaniel_105.jpg
5478 6222 5478 26678 pomeranian_175.jpg
6743 2201 6743 30599 leonberger_116.jpg
11941 3305 11941 21936 japanese_chin_15.jpg
27836 14724 27836 5810 Siamese_17.jpg
6029 1711 6029 29100 wheaten_terrier_122.jpg
2835 357 2835 31927 leonberger_167.jpg
26309 9979 26309 6150 newfoundland_112.jpg
28709 9739 28709 3054 beagle_143.jpg
12644 14517 12644 11826 Persian_163.jpg
7433 867 7433 22696 great_pyrenees_130.jpg
7276 2492 7276 25978 pomeranian_121.jpg
