### border=300, eps=15, min_samples=3, k=15, value_border=(1 / 15) * 0.5
### 所要時間 322.9894337654114 sec
6390 9612 6390 9612 Egyptian_Mau_118.jpg
7666 13492 7666 8538 Persian_105.jpg
4 3804 4 16498 Egyptian_Mau_123.jpg
9011 14202 9011 13395 keeshond_182.jpg
3185 10927 3185 18625 keeshond_137.jpg
3314 7387 3314 16230 scottish_terrier_183.jpg
7516 11844 7516 11658 keeshond_184.jpg
2015 4225 2015 20309 newfoundland_186.jpg
22589 42125 22589 0 english_cocker_spaniel_105.jpg
2883 8817 2883 15669 pomeranian_175.jpg
4695 4249 4695 17648 leonberger_116.jpg
8348 6898 8348 14208 japanese_chin_15.jpg
17176 25384 17176 3351 Siamese_17.jpg
2039 5701 2039 18691 wheaten_terrier_122.jpg
1652 1540 1652 20553 leonberger_167.jpg
14848 21440 14848 4735 newfoundland_112.jpg
19374 19074 19374 2638 beagle_143.jpg
6922 20239 6922 7673 Persian_163.jpg
4656 3644 4656 14260 great_pyrenees_130.jpg
5103 4665 5103 16478 pomeranian_121.jpg
