### border=300, eps=15, min_samples=3, k=13, value_border=(1 / 13) * 0.5
### 所要時間 350.672012090683 sec
6826 9176 6826 9940 Egyptian_Mau_118.jpg
8085 13073 8085 9637 Persian_105.jpg
117 3691 117 18215 Egyptian_Mau_123.jpg
9086 14127 9086 13656 keeshond_182.jpg
3388 10724 3388 20135 keeshond_137.jpg
3855 6846 3855 17559 scottish_terrier_183.jpg
8070 11290 8070 13175 keeshond_184.jpg
2143 4097 2143 21231 newfoundland_186.jpg
23076 41638 23076 0 english_cocker_spaniel_105.jpg
3712 7988 3712 15943 pomeranian_175.jpg
5578 3366 5578 18510 leonberger_116.jpg
8985 6261 8985 15066 japanese_chin_15.jpg
18143 24417 18143 3355 Siamese_17.jpg
2580 5160 2580 19257 wheaten_terrier_122.jpg
1629 1563 1629 21876 leonberger_167.jpg
15943 20345 15943 4835 newfoundland_112.jpg
20544 17904 20544 2449 beagle_143.jpg
7740 19421 7740 8106 Persian_163.jpg
5433 2867 5433 15131 great_pyrenees_130.jpg
5441 4327 5441 18645 pomeranian_121.jpg
