### border=300, eps=15, min_samples=3, k=11, value_border=(1 / 11) * 0.8
### 所要時間 375.8366918563843 sec
6797 9205 6797 11880 Egyptian_Mau_118.jpg
10333 10825 10333 10330 Persian_105.jpg
118 3690 118 19096 Egyptian_Mau_123.jpg
10022 13191 10022 14438 keeshond_182.jpg
4669 9443 4669 20505 keeshond_137.jpg
4114 6587 4114 19834 scottish_terrier_183.jpg
8654 10706 8654 14849 keeshond_184.jpg
2359 3881 2359 23071 newfoundland_186.jpg
26013 38701 26013 0 english_cocker_spaniel_105.jpg
3712 7988 3712 18409 pomeranian_175.jpg
5579 3365 5579 20265 leonberger_116.jpg
9609 5637 9609 17360 japanese_chin_15.jpg
19932 22628 19932 4186 Siamese_17.jpg
2427 5313 2427 21906 wheaten_terrier_122.jpg
1883 1309 1883 24469 leonberger_167.jpg
17840 18448 17840 4861 newfoundland_112.jpg
23155 15293 23155 2706 beagle_143.jpg
8514 18647 8514 8958 Persian_163.jpg
4999 3301 4999 17058 great_pyrenees_130.jpg
5619 4149 5619 20607 pomeranian_121.jpg
