### border=300, eps=15, min_samples=3, k=7, value_border=(1 / 7) * 0.5
### 所要時間 529.5059862136841 sec
7849 8153 7849 16204 Egyptian_Mau_118.jpg
11535 9623 11535 13187 Persian_105.jpg
183 3625 183 23260 Egyptian_Mau_123.jpg
12633 10580 12633 18457 keeshond_182.jpg
5860 8252 5860 23667 keeshond_137.jpg
4545 6156 4545 22849 scottish_terrier_183.jpg
10642 8718 10642 17235 keeshond_184.jpg
3786 2454 3786 27137 newfoundland_186.jpg
31724 32990 31724 0 english_cocker_spaniel_105.jpg
4018 7682 4018 24373 pomeranian_175.jpg
6797 2147 6797 24916 leonberger_116.jpg
10847 4399 10847 20121 japanese_chin_15.jpg
24576 17984 24576 4760 Siamese_17.jpg
2883 4857 2883 24919 wheaten_terrier_122.jpg
2353 839 2353 29388 leonberger_167.jpg
23567 12721 23567 5885 newfoundland_112.jpg
25557 12891 25557 3133 beagle_143.jpg
10298 16863 10298 10263 Persian_163.jpg
6740 1560 6740 19790 great_pyrenees_130.jpg
7149 2619 7149 22749 pomeranian_121.jpg
