### border=300, eps=15, min_samples=3, k=13, value_border=(1 / 13) * 1
### 所要時間 323.8372883796692 sec
1914 21753 8.087210039295222 1914 1793 51.632047477744806 Abyssinian_178.jpg
153 3385 4.32447710570944 153 3358 4.3577328396468245 Bengal_113.jpg
8570 42268 16.857468822534326 8570 272 96.92377290205836 Birman_157.jpg
0 5925 0.0 0 3924 0.0 Bombay_166.jpg
3043 18115 14.382266754891766 3043 3478 46.66462199049226 Persian_105.jpg
0 3245 0.0 0 2497 0.0 Persian_159.jpg
2981 24180 10.975295460402783 2981 4428 40.23484950735592 Persian_163.jpg
7520 35040 17.669172932330827 7520 1654 81.97078700675823 Siamese_17.jpg
2709 9168 22.808790098509725 2709 4311 38.58974358974359 american_pit_bull_terrier_181.jpg
7563 30885 19.670724094881397 7563 12 99.84158415841584 beagle_143.jpg
3940 19273 16.973247749106104 3940 4144 48.73824839188521 keeshond_182.jpg
2655 5793 31.427556818181817 2655 897 74.74662162162163 newfoundland_180.jpg
0 6240 0.0 0 5338 0.0 newfoundland_186.jpg
3273 6373 33.9311631764462 3273 2420 57.491656420165114 newfoundland_190.jpg
1931 8189 19.08102766798419 1931 4196 31.51623959523421 pug_15.jpg
0 10701 0.0 0 3768 0.0 scottish_terrier_183.jpg
1242 24042 4.912197437114381 1242 2712 31.411229135053112 scottish_terrier_174.jpg
1326 3159 29.565217391304348 1326 6736 16.447531629868518 Sphynx_197.jpg
0 3808 0.0 0 8682 0.0 Egyptian_Mau_123.jpg
912 10512 7.983193277310924 912 3700 19.774501300954032 Abyssinian_119.jpg
4519 20561 18.018341307814993 4519 7124 38.81302069913253 Bengal_138.jpg
795 6473 10.938359933957072 795 7188 9.958662157083802 pomeranian_190.jpg
5857 30218 16.235620235620235 5857 1638 78.1454302868579 pug_122.jpg
4061 11185 26.636494818313 4061 3581 53.14053912588328 japanese_chin_15.jpg
4161 15805 20.840428728839026 4161 3486 54.41349548842683 Ragdoll_148.jpg
705 7035 9.108527131782946 705 7434 8.661997788426097 wheaten_terrier_122.jpg
1756 6392 21.551300932744233 1756 4721 27.111316967731973 pomeranian_122.jpg
840 10860 7.17948717948718 840 6945 10.789980732177264 pomeranian_175.jpg
1421 9083 13.528179741051028 1421 4298 24.84700122399021 great_pyrenees_134.jpg
978 13134 6.930272108843537 978 8938 9.862847922549415 keeshond_137.jpg
5115 3829 57.1891771019678 5115 3137 61.98497333979641 leonberger_116.jpg
4813 31475 13.26333774250441 4813 2167 68.95415472779369 newfoundland_112.jpg
