### border=300, eps=15, min_samples=3, k=12, value_border=(1 / 12) * 0.9
### 所要時間 339.855309009552 sec
5769 17898 24.375713018126504 5769 6829 45.792983013176695 Abyssinian_178.jpg
198 3340 5.596382136800452 198 9448 2.0526643168152603 Bengal_113.jpg
19623 31215 38.59907942877375 19623 287 98.55851330989452 Birman_157.jpg
2233 3692 37.687763713080166 2233 14494 13.349674179470318 Bombay_166.jpg
4636 16522 21.911333774458832 4636 8045 36.55863102279 Persian_105.jpg
649 2596 20.0 649 12409 4.970133251646501 Persian_159.jpg
7278 19883 26.79577335149663 7278 6693 52.093622503757786 Persian_163.jpg
14855 27705 34.90366541353384 14855 2523 85.48164345724479 Siamese_17.jpg
4899 6978 41.247789845920686 4899 7884 38.324337010091526 american_pit_bull_terrier_181.jpg
16156 22292 42.02039117769455 16156 973 94.3195749897834 beagle_143.jpg
7412 15801 31.93038383664326 7412 11730 38.72113676731794 keeshond_182.jpg
3972 4476 47.01704545454545 3972 14417 21.59986948719343 newfoundland_180.jpg
265 5975 4.246794871794871 265 15413 1.69026661563975 newfoundland_186.jpg
5234 4412 54.260833506116526 5234 11720 30.871770673587353 newfoundland_190.jpg
2714 7406 26.818181818181817 2714 10608 20.372316468998648 pug_15.jpg
2954 7747 27.604896738622557 2954 13670 17.76948989412897 scottish_terrier_183.jpg
4507 20777 17.825502293940833 4507 5277 46.06500408830744 scottish_terrier_174.jpg
1085 3400 24.1917502787068 1085 14790 6.834645669291339 Sphynx_197.jpg
85 3723 2.232142857142857 85 17425 0.4854368932038835 Egyptian_Mau_123.jpg
4323 7101 37.84138655462185 4323 7785 35.70366699702676 Abyssinian_119.jpg
7799 17281 31.096491228070175 7799 10701 42.15675675675676 Bengal_138.jpg
2464 4804 33.902036323610346 2464 13651 15.290102389078498 pomeranian_190.jpg
9882 26193 27.39293139293139 9882 4459 68.90732863817028 pug_122.jpg
6277 8969 41.17145480781844 6277 7399 45.89792336940626 japanese_chin_15.jpg
10572 9394 52.95001502554342 10572 11532 47.82844733984799 Ragdoll_148.jpg
736 7004 9.509043927648579 736 15062 4.658817571844537 wheaten_terrier_122.jpg
2828 5320 34.707903780068726 2828 9613 22.73129169680894 pomeranian_122.jpg
2407 9293 20.572649572649574 2407 12213 16.46374829001368 pomeranian_175.jpg
2591 7913 24.666793602437167 2591 14813 14.88738221098598 great_pyrenees_134.jpg
3430 10682 24.305555555555557 3430 15709 17.921521500600868 keeshond_137.jpg
5115 3829 57.1891771019678 5115 11286 31.187122736418512 leonberger_116.jpg
11015 25273 30.35438712522046 11015 3551 75.62130989976659 newfoundland_112.jpg
