### border=300, eps=15, min_samples=5, k=15, value_border=(1 / 15) * 1
### 所要時間 284.2070710659027 sec
2239 21428 9.460430134786835 2239 1848 54.783459750428186 Abyssinian_178.jpg
153 3385 4.32447710570944 153 4543 3.25809199318569 Bengal_113.jpg
10662 40176 20.972500885164642 10662 272 97.51234680812145 Birman_157.jpg
776 5149 13.09704641350211 776 4108 15.888615888615888 Bombay_166.jpg
2822 18336 13.337744588335381 2822 3841 42.35329431187153 Persian_105.jpg
0 3245 0.0 0 6171 0.0 Persian_159.jpg
4091 23070 15.062037480210597 4091 3129 56.662049861495845 Persian_163.jpg
4831 37729 11.351033834586467 4831 1495 76.36737274739171 Siamese_17.jpg
2129 9748 17.92540203755157 2129 3494 37.86235105815401 american_pit_bull_terrier_181.jpg
7956 30492 20.692883895131086 7956 453 94.61291473421335 beagle_143.jpg
3294 19919 14.19032438719683 3294 2712 54.845154845154845 keeshond_182.jpg
2951 5497 34.931344696969695 2951 443 86.94755450795522 newfoundland_180.jpg
0 6240 0.0 0 2995 0.0 newfoundland_186.jpg
3556 6090 36.86502177068215 3556 3109 53.35333833458365 newfoundland_190.jpg
2100 8020 20.75098814229249 2100 4425 32.18390804597701 pug_15.jpg
0 10701 0.0 0 3930 0.0 scottish_terrier_183.jpg
1469 23815 5.80999841797184 1469 1379 51.58005617977528 scottish_terrier_174.jpg
1136 3349 25.328874024526197 1136 5808 16.359447004608295 Sphynx_197.jpg
0 3808 0.0 0 7286 0.0 Egyptian_Mau_123.jpg
503 10921 4.403011204481793 503 2728 15.56793562364593 Abyssinian_119.jpg
5502 19578 21.9377990430622 5502 4642 54.238958990536275 Bengal_138.jpg
102 7166 1.4034122179416622 102 8289 1.2155881301394351 pomeranian_190.jpg
3307 32768 9.167013167013167 3307 2322 58.74933380707053 pug_122.jpg
3879 11367 25.442739079102715 3879 3132 55.32734274711168 japanese_chin_15.jpg
4712 15254 23.60012020434739 4712 5053 48.25396825396825 Ragdoll_148.jpg
705 7035 9.108527131782946 705 5731 10.954008701056557 wheaten_terrier_122.jpg
2075 6073 25.46637211585665 2075 2927 41.48340663734506 pomeranian_122.jpg
819 10881 7.0 819 6940 10.555483954117799 pomeranian_175.jpg
0 10504 0.0 0 2282 0.0 great_pyrenees_134.jpg
1060 13052 7.511337868480726 1060 8125 11.540555253130103 keeshond_137.jpg
2629 6315 29.394007155635062 2629 6187 29.820780399274046 leonberger_116.jpg
4467 31821 12.309854497354497 4467 1327 77.09699689333793 newfoundland_112.jpg
