### border=300, eps=15, min_samples=3, k=6, value_border=(1 / 6) * 0.8
### 所要時間 993.0466158390045 sec
8911 14756 37.65158237207927 8911 8213 52.038075216071014 Abyssinian_178.jpg
173 3365 4.889768230638779 173 15413 1.1099704863338893 Bengal_113.jpg
31292 19546 61.552382076399546 31292 314 99.00651774979434 Birman_157.jpg
2976 2949 50.22784810126582 2976 18529 13.838642176238084 Bombay_166.jpg
8608 12550 40.68437470460346 8608 11492 42.82587064676617 Persian_105.jpg
788 2457 24.28351309707242 788 16378 4.59046953279739 Persian_159.jpg
10500 16661 38.658370457641475 10500 9140 53.462321792260695 Persian_163.jpg
20178 22382 47.410714285714285 20178 3421 85.50362303487437 Siamese_17.jpg
6159 5718 51.856529426622885 6159 13353 31.56519065190652 american_pit_bull_terrier_181.jpg
21004 17444 54.629629629629626 21004 1350 93.96081238257135 beagle_143.jpg
11626 11587 50.084004652565376 11626 14020 45.33260547453794 keeshond_182.jpg
5324 3124 63.020833333333336 5324 18974 21.911268417153675 newfoundland_180.jpg
1840 4400 29.487179487179485 1840 22626 7.520640889397531 newfoundland_186.jpg
6655 2991 68.9923284262907 6655 14476 31.494013534617388 newfoundland_190.jpg
4612 5508 45.573122529644266 4612 13776 25.081574940178378 pug_15.jpg
4982 5719 46.55639659844874 4982 20089 19.871564756092695 scottish_terrier_183.jpg
7240 18044 28.634709697832623 7240 7583 48.84301423463536 scottish_terrier_174.jpg
1568 2917 34.96098104793757 1568 17962 8.028673835125447 Sphynx_197.jpg
4 3804 0.10504201680672269 4 21624 0.018494544109487702 Egyptian_Mau_123.jpg
6013 5411 52.634803921568626 6013 10842 35.674873924651436 Abyssinian_119.jpg
11752 13328 46.85805422647528 11752 12984 47.50970245795602 Bengal_138.jpg
4215 3053 57.993946064942214 4215 17560 19.357060849598163 pomeranian_190.jpg
12864 23211 35.65904365904366 12864 7025 64.67896827392026 pug_122.jpg
8484 6762 55.647382920110196 8484 11430 42.60319373305212 japanese_chin_15.jpg
13140 6826 65.81188019633377 13140 14275 47.92996534743754 Ragdoll_148.jpg
2894 4846 37.39018087855297 2894 21031 12.096133751306166 wheaten_terrier_122.jpg
4523 3625 55.51055473735886 4523 15849 22.202042018456705 pomeranian_122.jpg
2931 8769 25.05128205128205 2931 18833 13.467193530600992 pomeranian_175.jpg
3301 7203 31.426123381568924 3301 19772 14.306765483465522 great_pyrenees_134.jpg
6424 7688 45.52154195011338 6424 19373 24.902120401597085 keeshond_137.jpg
5953 2991 66.55858676207514 5953 17217 25.69270608545533 leonberger_116.jpg
18639 17649 51.364087301587304 18639 4361 81.0391304347826 newfoundland_112.jpg
