### border=300, eps=15, min_samples=6, k=7, value_border=(1 / 7) * 1
### 所要時間 453.5616030693054 sec
3226 20441 13.630793932479824 3226 1005 76.24675017726305 Abyssinian_178.jpg
264 3274 7.46184284906727 264 7014 3.6273701566364385 Bengal_113.jpg
9263 41575 18.220622369093984 9263 0 100.0 Birman_157.jpg
0 5925 0.0 0 5523 0.0 Bombay_166.jpg
4905 16253 23.182720483977693 4905 2918 62.69973156078231 Persian_105.jpg
0 3245 0.0 0 2095 0.0 Persian_159.jpg
6308 20853 23.22447627112404 6308 5342 54.14592274678112 Persian_163.jpg
11548 31012 27.133458646616543 11548 513 95.74662134151397 Siamese_17.jpg
4674 7203 39.35337206365244 4674 3626 56.31325301204819 american_pit_bull_terrier_181.jpg
7213 31235 18.760403662089054 7213 12 99.83391003460207 beagle_143.jpg
4435 18778 19.10567354499634 4435 9067 32.84698563175826 keeshond_182.jpg
2600 5848 30.776515151515152 2600 7959 24.623543896202293 newfoundland_180.jpg
108 6132 1.7307692307692308 108 14343 0.747353124351256 newfoundland_186.jpg
5792 3854 60.045614762595896 5792 3517 62.219357610914166 newfoundland_190.jpg
4335 5785 42.83596837944664 4335 3792 53.34071613141381 pug_15.jpg
2571 8130 24.02579198205775 2571 7008 26.839962417788914 scottish_terrier_183.jpg
5080 20204 20.091757633285873 5080 5400 48.47328244274809 scottish_terrier_174.jpg
0 4485 0.0 0 2572 0.0 Sphynx_197.jpg
0 3808 0.0 0 7547 0.0 Egyptian_Mau_123.jpg
3976 7448 34.80392156862745 3976 4626 46.22180888165543 Abyssinian_119.jpg
7185 17895 28.648325358851675 7185 2429 74.73476180570002 Bengal_138.jpg
4246 3022 58.42047330764997 4246 11231 27.434257285003554 pomeranian_190.jpg
4128 31947 11.442827442827443 4128 3425 54.65377995498478 pug_122.jpg
5818 9428 38.16082906991998 5818 8687 40.110306790761804 japanese_chin_15.jpg
5178 14788 25.934087949514176 5178 5914 46.68229354489722 Ragdoll_148.jpg
1194 6546 15.426356589147288 1194 10716 10.025188916876575 wheaten_terrier_122.jpg
411 7737 5.044182621502209 411 6388 6.045006618620385 pomeranian_122.jpg
2640 9060 22.564102564102566 2640 8396 23.921710764769845 pomeranian_175.jpg
0 10504 0.0 0 5701 0.0 great_pyrenees_134.jpg
5848 8264 41.439909297052154 5848 6645 46.81021371968302 keeshond_137.jpg
0 8944 0.0 0 9458 0.0 leonberger_116.jpg
6736 29552 18.562610229276896 6736 374 94.73980309423348 newfoundland_112.jpg
