### border=300, eps=15, min_samples=3, k=11, value_border=(1 / 11) * 1
### 所要時間 346.0392506122589 sec
2428 21239 10.259010436472726 2428 2753 46.86353985717043 Abyssinian_178.jpg
153 3385 4.32447710570944 153 6809 2.197644355070382 Bengal_113.jpg
9520 41318 18.726149730516543 9520 272 97.22222222222223 Birman_157.jpg
0 5925 0.0 0 4549 0.0 Bombay_166.jpg
3981 17177 18.81557803195009 3981 3737 51.58072039388443 Persian_105.jpg
649 2596 20.0 649 5510 10.537424906640688 Persian_159.jpg
4242 22919 15.617981664887154 4242 3804 52.72184936614467 Persian_163.jpg
8443 34117 19.837875939849624 8443 2556 76.76152377488863 Siamese_17.jpg
4523 7354 38.082007240885744 4523 4919 47.902986655369624 american_pit_bull_terrier_181.jpg
6356 32092 16.53141905950895 6356 12 99.81155778894473 beagle_143.jpg
1237 21976 5.328910524275191 1237 6405 16.186862077990057 keeshond_182.jpg
3174 5274 37.57102272727273 3174 3355 48.61387655077347 newfoundland_180.jpg
108 6132 1.7307692307692308 108 8279 1.2877071658519137 newfoundland_186.jpg
2179 7467 22.58967447646693 2179 9 99.58866544789763 newfoundland_190.jpg
2831 7289 27.974308300395258 2831 4246 40.00282605623852 pug_15.jpg
0 10701 0.0 0 7298 0.0 scottish_terrier_183.jpg
2452 22832 9.69783262142066 2452 2396 50.57755775577558 scottish_terrier_174.jpg
1344 3141 29.96655518394649 1344 6760 16.58440276406713 Sphynx_197.jpg
0 3808 0.0 0 8375 0.0 Egyptian_Mau_123.jpg
0 11424 0.0 0 3106 0.0 Abyssinian_119.jpg
3023 22057 12.053429027113237 3023 4556 39.88652856577385 Bengal_138.jpg
884 6384 12.162905888827739 884 8912 9.024091465904451 pomeranian_190.jpg
4768 31307 13.216909216909217 4768 1735 73.32000615100723 pug_122.jpg
4415 10831 28.958415322051685 4415 5035 46.71957671957672 japanese_chin_15.jpg
3380 16586 16.92877892417109 3380 5004 40.31488549618321 Ragdoll_148.jpg
772 6968 9.974160206718347 772 6849 10.129904212045663 wheaten_terrier_122.jpg
2485 5663 30.49828178694158 2485 5309 31.883500128303822 pomeranian_122.jpg
2296 9404 19.623931623931625 2296 3538 39.355502228316766 pomeranian_175.jpg
1421 9083 13.528179741051028 1421 5683 20.002815315315317 great_pyrenees_134.jpg
1083 13029 7.674319727891157 1083 12524 7.959138678621298 keeshond_137.jpg
5115 3829 57.1891771019678 5115 4167 55.10665804783452 leonberger_116.jpg
8248 28040 22.729276895943563 8248 770 91.46152140164116 newfoundland_112.jpg
