### border=300, eps=15, min_samples=7, k=11, value_border=(1 / 11) * 0.9
### 所要時間 332.61730432510376 sec
6061 17606 25.6094984577682 6061 6938 46.62666358950688 Abyssinian_178.jpg
153 3385 4.32447710570944 153 10272 1.4676258992805755 Bengal_113.jpg
21779 29059 42.840001573626026 21779 311 98.5921231326392 Birman_157.jpg
2351 3574 39.67932489451477 2351 15320 13.304283854903515 Bombay_166.jpg
4868 16290 23.007845732110784 4868 8420 36.63455749548465 Persian_105.jpg
649 2596 20.0 649 12904 4.788607688334686 Persian_159.jpg
6885 20276 25.34884577151062 6885 7664 47.322840057735924 Persian_163.jpg
15744 26816 36.99248120300752 15744 2595 85.84982823490921 Siamese_17.jpg
4578 7299 38.545087143217984 4578 8976 33.77600708277999 american_pit_bull_terrier_181.jpg
16664 21784 43.34165626300458 16664 973 94.48318875092136 beagle_143.jpg
7636 15577 32.89536035841985 7636 12359 38.18954738684671 keeshond_182.jpg
3867 4581 45.77414772727273 3867 14940 20.561493061094275 newfoundland_180.jpg
265 5975 4.246794871794871 265 16641 1.5674908316573997 newfoundland_186.jpg
5523 4123 57.25689404934688 5523 11749 31.976609541454376 newfoundland_190.jpg
3465 6655 34.23913043478261 3465 10878 24.15812591508053 pug_15.jpg
2910 7791 27.1937202130642 2910 14666 16.55666818388712 scottish_terrier_183.jpg
5100 20184 20.170859041290935 5100 5359 48.76183191509705 scottish_terrier_174.jpg
1354 3131 30.18952062430323 1354 15191 8.183741311574494 Sphynx_197.jpg
85 3723 2.232142857142857 85 18600 0.4549103559004549 Egyptian_Mau_123.jpg
4320 7104 37.81512605042017 4320 8201 34.50203657854804 Abyssinian_119.jpg
8778 16302 35.0 8778 10560 45.39249146757679 Bengal_138.jpg
2522 4746 34.700055035773254 2522 14152 15.125344848266762 pomeranian_190.jpg
10322 25753 28.61261261261261 10322 4967 67.5125907515207 pug_122.jpg
6713 8533 44.03122130394858 6713 7838 46.13428630334685 japanese_chin_15.jpg
10610 9356 53.14033857557848 10610 12596 45.72093424114453 Ragdoll_148.jpg
803 6937 10.37467700258398 803 15243 5.004362457933441 wheaten_terrier_122.jpg
2828 5320 34.707903780068726 2828 10663 20.962122896745978 pomeranian_122.jpg
2407 9293 20.572649572649574 2407 12961 15.662415408641333 pomeranian_175.jpg
2591 7913 24.666793602437167 2591 15273 14.504030452306313 great_pyrenees_134.jpg
2632 11480 18.650793650793652 2632 17075 13.355660425229614 keeshond_137.jpg
5115 3829 57.1891771019678 5115 11439 30.89887640449438 leonberger_116.jpg
12219 24069 33.67228835978836 12219 3550 77.48747542646966 newfoundland_112.jpg
