### border=300, eps=15, min_samples=3, k=12, value_border=(1 / 12) * 1
### 所要時間 326.3581817150116 sec
1995 21672 8.429458740017747 1995 2698 42.51012145748988 Abyssinian_178.jpg
153 3385 4.32447710570944 153 3669 4.003139717425432 Bengal_113.jpg
8310 42528 16.346040363507612 8310 272 96.8305756233978 Birman_157.jpg
0 5925 0.0 0 4549 0.0 Bombay_166.jpg
2940 18218 13.89545325645146 2940 3082 48.82098970441714 Persian_105.jpg
649 2596 20.0 649 3222 16.76569361921984 Persian_159.jpg
3344 23817 12.31177055336696 3344 4080 45.043103448275865 Persian_163.jpg
8125 34435 19.090695488721803 8125 2484 76.58591761711754 Siamese_17.jpg
3228 8649 27.178580449608486 3228 4275 43.02279088364654 american_pit_bull_terrier_181.jpg
6729 31719 17.501560549313357 6729 12 99.82198486871384 beagle_143.jpg
2140 21073 9.218972127687072 2140 5952 26.445872466633713 keeshond_182.jpg
2183 6265 25.840435606060606 2183 6927 23.962678375411635 newfoundland_180.jpg
108 6132 1.7307692307692308 108 8548 1.2476894639556377 newfoundland_186.jpg
3777 5869 39.15612689197595 3777 5683 39.92600422832981 newfoundland_190.jpg
1945 8175 19.219367588932805 1945 3420 36.25349487418453 pug_15.jpg
0 10701 0.0 0 5387 0.0 scottish_terrier_183.jpg
1476 23808 5.837683910773611 1476 2146 40.75096631695196 scottish_terrier_174.jpg
1075 3410 23.968784838350057 1075 6520 14.154048716260698 Sphynx_197.jpg
0 3808 0.0 0 7634 0.0 Egyptian_Mau_123.jpg
719 10705 6.293767507002801 719 4276 14.394394394394395 Abyssinian_119.jpg
3414 21666 13.61244019138756 3414 6145 35.71503295323779 Bengal_138.jpg
887 6381 12.204182718767198 887 7346 10.773715535041905 pomeranian_190.jpg
4722 31353 13.089397089397089 4722 3136 60.09162636803258 pug_122.jpg
4015 11231 26.334776334776336 4015 5498 42.20540313255545 japanese_chin_15.jpg
4524 15442 22.658519483121307 4524 6086 42.63901979264845 Ragdoll_148.jpg
705 7035 9.108527131782946 705 7611 8.477633477633479 wheaten_terrier_122.jpg
2828 5320 34.707903780068726 2828 4669 37.72175536881419 pomeranian_122.jpg
2296 9404 19.623931623931625 2296 3538 39.355502228316766 pomeranian_175.jpg
1421 9083 13.528179741051028 1421 5255 21.28520071899341 great_pyrenees_134.jpg
1742 12370 12.344104308390023 1742 7526 18.795856711264566 keeshond_137.jpg
5115 3829 57.1891771019678 5115 1967 72.22536006777746 leonberger_116.jpg
5580 30708 15.376984126984127 5580 771 87.86017949929145 newfoundland_112.jpg
