### border=300, eps=15, min_samples=4, k=9, value_border=(1 / 9) * 1
### 所要時間 402.020489692688 sec
3124 20543 13.199814087125533 3124 3968 44.049633389734915 Abyssinian_178.jpg
0 3538 0.0 0 4531 0.0 Bengal_113.jpg
10444 40394 20.54368779259609 10444 313 97.09026680301199 Birman_157.jpg
0 5925 0.0 0 4339 0.0 Bombay_166.jpg
4317 16841 20.4036298326874 4317 4860 47.04151683556718 Persian_105.jpg
0 3245 0.0 0 1942 0.0 Persian_159.jpg
4226 22935 15.559073671808843 4226 4432 48.81034881034881 Persian_163.jpg
6797 35763 15.970394736842104 6797 2053 76.80225988700565 Siamese_17.jpg
2075 9802 17.47074176980719 2075 2631 44.092647683807904 american_pit_bull_terrier_181.jpg
7882 30566 20.500416146483563 7882 13 99.83533882203926 beagle_143.jpg
4666 18547 20.100805583078447 4666 5923 44.06459533478138 keeshond_182.jpg
4074 4374 48.22443181818182 4074 5560 42.287730952875236 newfoundland_180.jpg
108 6132 1.7307692307692308 108 8392 1.2705882352941176 newfoundland_186.jpg
4141 5505 42.92971179763632 4141 4813 46.24748715657807 newfoundland_190.jpg
4036 6084 39.88142292490119 4036 722 84.8255569567045 pug_15.jpg
1929 8772 18.026352677319878 1929 6680 22.406783598559645 scottish_terrier_183.jpg
1656 23628 6.5495965828191745 1656 3448 32.44514106583072 scottish_terrier_174.jpg
0 4485 0.0 0 2613 0.0 Sphynx_197.jpg
4 3804 0.10504201680672269 4 7944 0.050327126321087066 Egyptian_Mau_123.jpg
922 10502 8.070728291316527 922 7251 11.281047351033893 Abyssinian_119.jpg
4751 20329 18.943381180223284 4751 7655 38.295985813316136 Bengal_138.jpg
0 7268 0.0 0 10514 0.0 pomeranian_190.jpg
5757 30318 15.958419958419958 5757 2341 71.09162756236108 pug_122.jpg
3061 12185 20.077397350124624 3061 5373 36.29357363054304 japanese_chin_15.jpg
7439 12527 37.258339176600224 7439 4841 60.57817589576547 Ragdoll_148.jpg
1187 6553 15.335917312661499 1187 8751 11.944053129402294 wheaten_terrier_122.jpg
3164 4984 38.83161512027491 3164 5890 34.94588027391208 pomeranian_122.jpg
2296 9404 19.623931623931625 2296 6509 26.07609312890403 pomeranian_175.jpg
93 10411 0.8853769992383854 93 6186 1.4811275680840899 great_pyrenees_134.jpg
35 14077 0.24801587301587302 35 11811 0.2954583825763971 keeshond_137.jpg
5115 3829 57.1891771019678 5115 6747 43.12089023773394 leonberger_116.jpg
6344 29944 17.48236331569665 6344 1724 78.63163113534952 newfoundland_112.jpg
