### border=300, eps=15, min_samples=3, k=6, value_border=(1 / 6) * 1
### 所要時間 562.027352809906 sec
5460 18207 23.070097604259097 5460 2012 73.0728051391863 Abyssinian_178.jpg
0 3538 0.0 0 6792 0.0 Bengal_113.jpg
11922 38916 23.450961878909478 11922 76 99.36656109351559 Birman_157.jpg
0 5925 0.0 0 5675 0.0 Bombay_166.jpg
5995 15163 28.334436147083846 5995 6074 49.67271522081366 Persian_105.jpg
0 3245 0.0 0 1992 0.0 Persian_159.jpg
8348 18813 30.735245388608668 8348 2168 79.3837961201978 Persian_163.jpg
14379 28181 33.785244360902254 14379 513 96.55519742143433 Siamese_17.jpg
4674 7203 39.35337206365244 4674 5657 45.24247410705643 american_pit_bull_terrier_181.jpg
4519 33929 11.753537245110278 4519 12 99.73515780180975 beagle_143.jpg
5508 17705 23.72808340154224 5508 12016 31.431180095868523 keeshond_182.jpg
3660 4788 43.32386363636363 3660 1014 78.30551989730424 newfoundland_180.jpg
0 6240 0.0 0 12843 0.0 newfoundland_186.jpg
5792 3854 60.045614762595896 5792 3517 62.219357610914166 newfoundland_190.jpg
2690 7430 26.58102766798419 2690 3875 40.974866717440975 pug_15.jpg
3246 7455 30.333613680964397 3246 4601 41.36612718236269 scottish_terrier_183.jpg
5190 20094 20.526815377313717 5190 7272 41.64660568127106 scottish_terrier_174.jpg
0 4485 0.0 0 4999 0.0 Sphynx_197.jpg
0 3808 0.0 0 11679 0.0 Egyptian_Mau_123.jpg
4121 7303 36.07317927170868 4121 5383 43.360690235690235 Abyssinian_119.jpg
5119 19961 20.41068580542265 5119 4771 51.75935288169869 Bengal_138.jpg
4215 3053 57.993946064942214 4215 8653 32.75567298725521 pomeranian_190.jpg
4591 31484 12.726264726264727 4591 5908 43.72797409277074 pug_122.jpg
6809 8437 44.66089466089466 6809 9361 42.10884353741496 japanese_chin_15.jpg
8542 11424 42.78273064209156 8542 5896 59.16331901925474 Ragdoll_148.jpg
1194 6546 15.426356589147288 1194 10716 10.025188916876575 wheaten_terrier_122.jpg
4523 3625 55.51055473735886 4523 7785 36.748456288592784 pomeranian_122.jpg
1985 9715 16.965811965811966 1985 11759 14.442665890570431 pomeranian_175.jpg
38 10466 0.3617669459253618 38 5137 0.7342995169082126 great_pyrenees_134.jpg
795 13317 5.633503401360544 795 4505 15.0 keeshond_137.jpg
0 8944 0.0 0 8416 0.0 leonberger_116.jpg
6780 29508 18.683862433862434 6780 1813 78.90143139764925 newfoundland_112.jpg
