### border=300, eps=15, min_samples=6, k=10, value_border=(1 / 10) * 0.9
### 所要時間 347.0726742744446 sec
6339 17328 26.78412980098872 6339 7516 45.752435943702636 Abyssinian_178.jpg
153 3385 4.32447710570944 153 11144 1.3543418606709745 Bengal_113.jpg
22757 28081 44.763759392580354 22757 376 98.37461634893874 Birman_157.jpg
2351 3574 39.67932489451477 2351 16209 12.667025862068966 Bombay_166.jpg
5177 15981 24.468286227431705 5177 8984 36.55815267283384 Persian_105.jpg
649 2596 20.0 649 13149 4.703580229018699 Persian_159.jpg
7484 19677 27.554213762379884 7484 8222 47.650579396409015 Persian_163.jpg
16543 26017 38.869830827067666 16543 2523 86.76701982586803 Siamese_17.jpg
4839 7038 40.742611770649155 4839 9103 34.70807631616698 american_pit_bull_terrier_181.jpg
17755 20693 46.179255097794425 17755 976 94.78938657839944 beagle_143.jpg
8874 14339 38.22857881359583 8874 12710 41.11378799110452 keeshond_182.jpg
4296 4152 50.85227272727273 4296 15714 21.469265367316343 newfoundland_180.jpg
265 5975 4.246794871794871 265 17156 1.521152631881063 newfoundland_186.jpg
5523 4123 57.25689404934688 5523 12566 30.532367737298912 newfoundland_190.jpg
3587 6533 35.444664031620555 3587 11167 24.312050969228682 pug_15.jpg
2968 7733 27.7357256331184 2968 15184 16.35081533715293 scottish_terrier_183.jpg
5118 20166 20.24205030849549 5118 5995 46.054170790965536 scottish_terrier_174.jpg
1376 3109 30.68004459308807 1376 15737 8.040670835037691 Sphynx_197.jpg
4 3804 0.10504201680672269 4 18593 0.021508845512717104 Egyptian_Mau_123.jpg
4286 7138 37.51750700280112 4286 8673 33.07353962497106 Abyssinian_119.jpg
9640 15440 38.43700159489633 9640 11170 46.32388274867852 Bengal_138.jpg
2464 4804 33.902036323610346 2464 15484 13.72854914196568 pomeranian_190.jpg
11679 24396 32.37422037422037 11679 4656 71.49678604224059 pug_122.jpg
6856 8390 44.969172241899514 6856 8203 45.52759147353742 japanese_chin_15.jpg
10996 8970 55.07362516277672 10996 13019 45.78804913595669 Ragdoll_148.jpg
817 6923 10.555555555555555 817 16168 4.810126582278481 wheaten_terrier_122.jpg
3164 4984 38.83161512027491 3164 11793 21.153974727552317 pomeranian_122.jpg
2407 9293 20.572649572649574 2407 13932 14.73162372238203 pomeranian_175.jpg
2622 7882 24.96191926884996 2622 15956 14.113467542254279 great_pyrenees_134.jpg
4570 9542 32.38378684807256 4570 16421 21.771235291315325 keeshond_137.jpg
5115 3829 57.1891771019678 5115 13092 28.093590377327402 leonberger_116.jpg
12138 24150 33.449074074074076 12138 3901 75.6780347901989 newfoundland_112.jpg
