### border=300, eps=15, min_samples=4, k=7, value_border=(1 / 7) * 0.9
### 所要時間 477.3444724082947 sec
8126 15541 34.334727679891834 8126 8234 49.66992665036675 Abyssinian_178.jpg
264 3274 7.46184284906727 264 15011 1.7283142389525368 Bengal_113.jpg
27689 23149 54.46516385381014 27689 314 98.87869156876049 Birman_157.jpg
2730 3195 46.075949367088604 2730 18511 12.852502236241232 Bombay_166.jpg
6771 14387 32.00207959164382 6771 10952 38.20459290187891 Persian_105.jpg
788 2457 24.28351309707242 788 15304 4.896843151876709 Persian_159.jpg
9350 17811 34.424358455137885 9350 8669 51.8896720128753 Persian_163.jpg
19185 23375 45.077537593984964 19185 3302 85.31596033263664 Siamese_17.jpg
6159 5718 51.856529426622885 6159 10773 36.37491141034727 american_pit_bull_terrier_181.jpg
19579 18869 50.92332501040366 19579 1245 94.02132155205533 beagle_143.jpg
10071 13142 43.38517210183949 10071 13021 43.61250649575611 keeshond_182.jpg
5343 3105 63.24573863636363 5343 17497 23.393169877408056 newfoundland_180.jpg
500 5740 8.012820512820513 500 20709 2.3574897449196097 newfoundland_186.jpg
5792 3854 60.045614762595896 5792 9926 36.849471942995294 newfoundland_190.jpg
4426 5694 43.73517786561265 4426 13170 25.153443964537395 pug_15.jpg
4663 6038 43.57536678815064 4663 17983 20.590832818157732 scottish_terrier_183.jpg
6614 18670 26.158835627274165 6614 6933 48.822617553701924 scottish_terrier_174.jpg
1568 2917 34.96098104793757 1568 17303 8.309045625563034 Sphynx_197.jpg
4 3804 0.10504201680672269 4 20834 0.01919570016316345 Egyptian_Mau_123.jpg
5820 5604 50.945378151260506 5820 10498 35.66613555582792 Abyssinian_119.jpg
12359 12721 49.27830940988836 12359 12616 49.48548548548548 Bengal_138.jpg
4246 3022 58.42047330764997 4246 17213 19.78656973763922 pomeranian_190.jpg
11955 24120 33.13929313929314 11955 5801 67.32935345798603 pug_122.jpg
8066 7180 52.90568017840745 8066 10711 42.95680886190552 japanese_chin_15.jpg
12510 7456 62.65651607733146 12510 13789 47.56834860641089 Ragdoll_148.jpg
1225 6515 15.82687338501292 1225 19027 6.048785305155047 wheaten_terrier_122.jpg
3969 4179 48.71134020618557 3969 13777 22.36560351628536 pomeranian_122.jpg
2751 8949 23.512820512820515 2751 17729 13.4326171875 pomeranian_175.jpg
3263 7241 31.064356435643564 3263 17899 15.41914752858898 great_pyrenees_134.jpg
6162 7950 43.664965986394556 6162 19295 24.205523038849826 keeshond_137.jpg
5115 3829 57.1891771019678 5115 16863 23.273273273273272 leonberger_116.jpg
16529 19759 45.54949294532628 16529 4205 79.71930163017267 newfoundland_112.jpg
