### border=300, eps=15, min_samples=3, k=8, value_border=(1 / 8) * 0.8
### 所要時間 469.1458888053894 sec
7822 15845 33.05023872903199 7822 7824 49.99360859005497 Abyssinian_178.jpg
264 3274 7.46184284906727 264 14194 1.8259786969152028 Bengal_113.jpg
25434 25404 50.029505488020774 25434 314 98.78048780487805 Birman_157.jpg
2698 3227 45.53586497890296 2698 17390 13.430904022301872 Bombay_166.jpg
5256 15902 24.841667454390773 5256 10646 33.052446233178216 Persian_105.jpg
788 2457 24.28351309707242 788 14493 5.156730580459394 Persian_159.jpg
8978 18183 33.054747616067154 8978 8867 50.31101148781171 Persian_163.jpg
17815 24745 41.858552631578945 17815 3302 84.3633091821755 Siamese_17.jpg
5817 6060 48.97701439757515 5817 9843 37.1455938697318 american_pit_bull_terrier_181.jpg
19410 19038 50.48377028714108 19410 1071 94.77076314633075 beagle_143.jpg
9850 13363 42.43311937276526 9850 13331 42.49169578534144 keeshond_182.jpg
4456 3992 52.746212121212125 4456 16494 21.269689737470166 newfoundland_180.jpg
1289 4951 20.65705128205128 1289 19040 6.340695558069752 newfoundland_186.jpg
5893 3753 61.09268090400166 5893 13135 30.970149253731343 newfoundland_190.jpg
4552 5568 44.980237154150196 4552 11797 27.84268150957245 pug_15.jpg
3868 6833 36.14615456499393 3868 16600 18.897791674809458 scottish_terrier_183.jpg
5245 20039 20.74434424932764 5245 6779 43.62109115103127 scottish_terrier_174.jpg
1430 3055 31.884057971014492 1430 16898 7.802269751200349 Sphynx_197.jpg
4 3804 0.10504201680672269 4 19530 0.02047711682195147 Egyptian_Mau_123.jpg
5157 6267 45.141806722689076 5157 9793 34.49498327759197 Abyssinian_119.jpg
10945 14135 43.64035087719298 10945 11389 49.00599982090087 Bengal_138.jpg
3744 3524 51.51348376444689 3744 16609 18.39532255687122 pomeranian_190.jpg
12175 23900 33.74913374913375 12175 5117 70.40828128614388 pug_122.jpg
8550 6696 56.08028335301063 8550 9365 47.725369801842035 japanese_chin_15.jpg
11818 8148 59.19062406090354 11818 13448 46.77432122219584 Ragdoll_148.jpg
1219 6521 15.749354005167959 1219 17971 6.352266805627931 wheaten_terrier_122.jpg
3540 4608 43.446244477172314 3540 13165 21.191260101765938 pomeranian_122.jpg
2407 9293 20.572649572649574 2407 16557 12.69246994304999 pomeranian_175.jpg
3220 7284 30.654988575780656 3220 17349 15.65462589333463 great_pyrenees_134.jpg
6768 7344 47.95918367346939 6768 18339 26.956625642251165 keeshond_137.jpg
5115 3829 57.1891771019678 5115 16403 23.770796542429594 leonberger_116.jpg
14198 22090 39.125881834215164 14198 4224 77.07089349690587 newfoundland_112.jpg
