### border=300, eps=15, min_samples=5, k=14, value_border=(1 / 14) * 0.8
### 所要時間 292.5244779586792 sec
5430 18237 22.943338826213715 5430 6469 45.63408689805866 Abyssinian_178.jpg
153 3385 4.32447710570944 153 8916 1.6870658286470395 Bengal_113.jpg
19369 31469 38.09945316495535 19369 287 98.53988603988604 Birman_157.jpg
1864 4061 31.459915611814345 1864 14308 11.526094484293841 Bombay_166.jpg
4259 16899 20.12950184327441 4259 8081 34.513776337115075 Persian_105.jpg
635 2610 19.568567026194145 635 11539 5.216034171184492 Persian_159.jpg
6637 20524 24.435771878796803 6637 6609 50.10569228446323 Persian_163.jpg
12728 29832 29.906015037593985 12728 2066 86.03487900500203 Siamese_17.jpg
4369 7508 36.78538351435548 4369 7477 36.88164781360797 american_pit_bull_terrier_181.jpg
15452 22996 40.18934665002081 15452 971 94.08756012908725 beagle_143.jpg
7046 16167 30.353681126954722 7046 10725 39.64886613021214 keeshond_182.jpg
3806 4642 45.052083333333336 3806 12570 23.24132877381534 newfoundland_180.jpg
256 5984 4.102564102564102 256 14408 1.745771958537916 newfoundland_186.jpg
4752 4894 49.26394360356625 4752 9971 32.27603070026489 newfoundland_190.jpg
2602 7518 25.711462450592887 2602 9527 21.452716629565504 pug_15.jpg
2516 8185 23.511821325109803 2516 12637 16.603972810664555 scottish_terrier_183.jpg
3652 21632 14.443917101724411 3652 5065 41.89514741310084 scottish_terrier_174.jpg
1134 3351 25.28428093645485 1134 14162 7.4137029288702925 Sphynx_197.jpg
61 3747 1.601890756302521 61 15904 0.3820858127153148 Egyptian_Mau_123.jpg
4288 7136 37.53501400560224 4288 7002 37.980513728963686 Abyssinian_119.jpg
6754 18326 26.92982456140351 6754 9696 41.05775075987842 Bengal_138.jpg
1612 5656 22.179416620803522 1612 13299 10.81081081081081 pomeranian_190.jpg
9023 27052 25.01178101178101 9023 3911 69.76186794495129 pug_122.jpg
5712 9534 37.46556473829201 5712 6682 46.08681620138777 japanese_chin_15.jpg
9754 10212 48.853050185315034 9754 10752 47.56656588315615 Ragdoll_148.jpg
725 7015 9.366925064599483 725 13860 4.9708604730887895 wheaten_terrier_122.jpg
2151 5997 26.399116347569954 2151 9295 18.79259129827014 pomeranian_122.jpg
1013 10687 8.658119658119658 1013 11411 8.153573728267869 pomeranian_175.jpg
2320 8184 22.086824067022086 2320 13951 14.258496711941492 great_pyrenees_134.jpg
3033 11079 21.492346938775512 3033 15219 16.617357001972387 keeshond_137.jpg
5136 3808 57.42397137745975 5136 10656 32.52279635258358 leonberger_116.jpg
9977 26311 27.493937389770725 9977 3531 73.8599348534202 newfoundland_112.jpg
