### border=300, eps=15, min_samples=7, k=5, value_border=(1 / 5) * 1
### 所要時間 844.2774620056152 sec
0 23667 0.0 0 3033 0.0 Abyssinian_178.jpg
236 3302 6.670435274166196 236 7890 2.9042579374846174 Bengal_113.jpg
15846 34992 31.169597545143397 15846 395 97.56788375100055 Birman_157.jpg
0 5925 0.0 0 7071 0.0 Bombay_166.jpg
1612 19546 7.618867567823045 1612 3237 33.24396782841823 Persian_105.jpg
0 3245 0.0 0 4358 0.0 Persian_159.jpg
7833 19328 28.83914436140054 7833 1442 84.45283018867924 Persian_163.jpg
15209 27351 35.73543233082707 15209 1176 92.82270369240159 Siamese_17.jpg
5034 6843 42.38444051528164 5034 5657 47.0863342998784 american_pit_bull_terrier_181.jpg
9379 29069 24.393986683312527 9379 12 99.87221808114151 beagle_143.jpg
8457 14756 36.43217162796709 8457 8628 49.49956101843723 keeshond_182.jpg
1891 6557 22.38399621212121 1891 9821 16.145833333333332 newfoundland_180.jpg
0 6240 0.0 0 14120 0.0 newfoundland_186.jpg
1986 7660 20.588845117147002 1986 5571 26.28026994839222 newfoundland_190.jpg
2491 7629 24.614624505928855 2491 9980 19.974340469890144 pug_15.jpg
2118 8583 19.792542753013738 2118 12917 14.087130029930163 scottish_terrier_183.jpg
7508 17776 29.694668565100457 7508 5222 58.978790259230166 scottish_terrier_174.jpg
136 4349 3.032329988851728 136 10544 1.2734082397003745 Sphynx_197.jpg
162 3646 4.254201680672269 162 10994 1.4521333811401935 Egyptian_Mau_123.jpg
0 11424 0.0 0 4024 0.0 Abyssinian_119.jpg
8326 16754 33.197767145135565 8326 7497 52.619604373380525 Bengal_138.jpg
5461 1807 75.13758943313154 5461 8806 38.2771430574052 pomeranian_190.jpg
7416 28659 20.557172557172557 7416 5908 55.65896127289103 pug_122.jpg
7059 8187 46.30066902794176 7059 9083 43.73064056498575 japanese_chin_15.jpg
7549 12417 37.80927576880697 7549 10595 41.6060405643739 Ragdoll_148.jpg
2282 5458 29.483204134366925 2282 4693 32.7168458781362 wheaten_terrier_122.jpg
222 7926 2.72459499263623 222 10901 1.9958644250651802 pomeranian_122.jpg
1985 9715 16.965811965811966 1985 14316 12.177167044966566 pomeranian_175.jpg
100 10404 0.952018278750952 100 5911 1.6636167027116953 great_pyrenees_134.jpg
2053 12059 14.547902494331066 2053 8234 19.957227568776126 keeshond_137.jpg
2474 6470 27.661001788908766 2474 8583 22.374966084833137 leonberger_116.jpg
4974 31314 13.707010582010582 4974 871 85.09837467921301 newfoundland_112.jpg
