### border=300, eps=15, min_samples=5, k=8, value_border=(1 / 8) * 1
### 所要時間 406.8625638484955 sec
3200 20467 13.520936324840495 3200 2372 57.4300071787509 Abyssinian_178.jpg
264 3274 7.46184284906727 264 7043 3.6129738606815383 Bengal_113.jpg
14584 36254 28.687202486329124 14584 238 98.39427877479423 Birman_157.jpg
0 5925 0.0 0 7357 0.0 Bombay_166.jpg
4630 16528 21.882975706588525 4630 3628 56.06684427222088 Persian_105.jpg
0 3245 0.0 0 4201 0.0 Persian_159.jpg
5494 21667 20.227532123264975 5494 3302 62.460209185993634 Persian_163.jpg
10197 32363 23.959116541353385 10197 2053 83.2408163265306 Siamese_17.jpg
4843 7034 40.776290309000586 4843 5675 46.04487545160677 american_pit_bull_terrier_181.jpg
10228 28220 26.602163961714524 10228 13 99.87305927155552 beagle_143.jpg
3455 19758 14.883901262223754 3455 6794 33.710605912771975 keeshond_182.jpg
1384 7064 16.382575757575758 1384 10401 11.743742044972423 newfoundland_180.jpg
108 6132 1.7307692307692308 108 8058 1.322556943423953 newfoundland_186.jpg
3260 6386 33.79639228695832 3260 1572 67.46688741721854 newfoundland_190.jpg
4300 5820 42.4901185770751 4300 2963 59.20418559823764 pug_15.jpg
1929 8772 18.026352677319878 1929 7168 21.204792788831483 scottish_terrier_183.jpg
3278 22006 12.964720772029741 3278 3708 46.922416261093616 scottish_terrier_174.jpg
1430 3055 31.884057971014492 1430 12406 10.335357039606823 Sphynx_197.jpg
4 3804 0.10504201680672269 4 6527 0.061246363497167354 Egyptian_Mau_123.jpg
744 10680 6.512605042016807 744 6135 10.815525512429133 Abyssinian_119.jpg
8180 16900 32.61562998405104 8180 3077 72.66589677533979 Bengal_138.jpg
2445 4823 33.64061640066043 2445 10751 18.528341921794482 pomeranian_190.jpg
3943 32132 10.93000693000693 3943 3687 51.677588466579294 pug_122.jpg
2877 12369 18.87052341597796 2877 6062 32.184808144087704 japanese_chin_15.jpg
4785 15181 23.96574176099369 4785 6666 41.78674351585014 Ragdoll_148.jpg
1188 6552 15.348837209302326 1188 8587 12.153452685421994 wheaten_terrier_122.jpg
3540 4608 43.446244477172314 3540 7361 32.474084946335196 pomeranian_122.jpg
2296 9404 19.623931623931625 2296 6097 27.356130108423688 pomeranian_175.jpg
0 10504 0.0 0 4433 0.0 great_pyrenees_134.jpg
2225 11887 15.76672335600907 2225 5840 27.58834469931804 keeshond_137.jpg
1641 7303 18.347495527728086 1641 7215 18.52981029810298 leonberger_116.jpg
7851 28437 21.635251322751323 7851 1412 84.75655835042643 newfoundland_112.jpg
