### border=300, eps=15, min_samples=6, k=13, value_border=(1 / 13) * 0.9
### 所要時間 292.3073937892914 sec
5824 17843 24.608104111209702 5824 6434 47.51182900962637 Abyssinian_178.jpg
153 3385 4.32447710570944 153 9273 1.6231699554423933 Bengal_113.jpg
19406 31432 38.17223336873992 19406 287 98.54262936068653 Birman_157.jpg
2233 3692 37.687763713080166 2233 14007 13.75 Bombay_166.jpg
4715 16443 22.284715001417904 4715 7726 37.89888272646893 Persian_105.jpg
649 2596 20.0 649 11922 5.162676000318193 Persian_159.jpg
6819 20342 25.10585030006259 6819 6785 50.12496324610409 Persian_163.jpg
14255 28305 33.493890977443606 14255 1996 87.71767891206694 Siamese_17.jpg
4233 7644 35.64031321040667 4233 8043 34.48191593352884 american_pit_bull_terrier_181.jpg
15597 22851 40.56647940074907 15597 935 94.34430195983548 beagle_143.jpg
6810 16403 29.337009434368674 6810 11359 37.481424404204965 keeshond_182.jpg
3687 4761 43.64346590909091 3687 13293 21.713780918727917 newfoundland_180.jpg
256 5984 4.102564102564102 256 15400 1.6351558507920285 newfoundland_186.jpg
4692 4954 48.641924113622224 4692 11010 29.881543752388232 newfoundland_190.jpg
2700 7420 26.679841897233203 2700 9920 21.394611727416798 pug_15.jpg
2678 8023 25.025698532847397 2678 13106 16.966548403446527 scottish_terrier_183.jpg
4425 20859 17.501186521120076 4425 4886 47.524433465793145 scottish_terrier_174.jpg
1336 3149 29.788182831661093 1336 13838 8.804534071437986 Sphynx_197.jpg
4 3804 0.10504201680672269 4 16550 0.024163344206838227 Egyptian_Mau_123.jpg
4271 7153 37.38620448179272 4271 7224 37.15528490648108 Abyssinian_119.jpg
6989 18091 27.86682615629984 6989 10247 40.54885124158738 Bengal_138.jpg
2272 4996 31.260319207484866 2272 13424 14.475025484199795 pomeranian_190.jpg
9045 27030 25.072765072765073 9045 3806 70.38362773325034 pug_122.jpg
6140 9106 40.27285845467664 6140 6769 47.563715237431246 japanese_chin_15.jpg
9995 9971 50.060102173695284 9995 11641 46.19615455721945 Ragdoll_148.jpg
736 7004 9.509043927648579 736 14001 4.99423220465495 wheaten_terrier_122.jpg
2160 5988 26.50957290132548 2160 9674 18.252492817306067 pomeranian_122.jpg
1043 10657 8.914529914529915 1043 11979 8.009522346797727 pomeranian_175.jpg
2591 7913 24.666793602437167 2591 13794 15.813243820567592 great_pyrenees_134.jpg
3237 10875 22.937925170068027 3237 16354 16.522893165228933 keeshond_137.jpg
5115 3829 57.1891771019678 5115 10473 32.81370284834488 leonberger_116.jpg
10364 25924 28.560405643738978 10364 3577 74.34186930636253 newfoundland_112.jpg
