### border=300, eps=15, min_samples=4, k=10, value_border=(1 / 10) * 1
### 所要時間 388.34365367889404 sec
3439 20228 14.530781256602019 3439 5027 40.621308764469646 Abyssinian_178.jpg
153 3385 4.32447710570944 153 4329 3.4136546184738954 Bengal_113.jpg
11269 39569 22.166489633738543 11269 279 97.5839972289574 Birman_157.jpg
0 5925 0.0 0 3962 0.0 Bombay_166.jpg
3975 17183 18.78721996407978 3975 3771 51.316808675445394 Persian_105.jpg
0 3245 0.0 0 3806 0.0 Persian_159.jpg
3633 23528 13.375796178343949 3633 4860 42.776404097492055 Persian_163.jpg
6974 35586 16.38627819548872 6974 2434 74.12840136054422 Siamese_17.jpg
4719 7158 39.73225562010609 4719 5625 45.62064965197216 american_pit_bull_terrier_181.jpg
7286 31162 18.950270495214316 7286 12 99.83557138942176 beagle_143.jpg
4201 19012 18.097617714211864 4201 7477 35.97362562082549 keeshond_182.jpg
3000 5448 35.51136363636363 3000 3401 46.867676925480396 newfoundland_180.jpg
108 6132 1.7307692307692308 108 7709 1.3816041959831138 newfoundland_186.jpg
2179 7467 22.58967447646693 2179 2119 50.69799906933457 newfoundland_190.jpg
2782 7338 27.490118577075098 2782 2572 51.9611505416511 pug_15.jpg
0 10701 0.0 0 4471 0.0 scottish_terrier_183.jpg
1483 23801 5.865369403575384 1483 2645 35.92538759689923 scottish_terrier_174.jpg
1376 3109 30.68004459308807 1376 9591 12.546731102398104 Sphynx_197.jpg
0 3808 0.0 0 7233 0.0 Egyptian_Mau_123.jpg
178 11246 1.55812324929972 178 5894 2.9314888010540185 Abyssinian_119.jpg
5788 19292 23.078149920255182 5788 6416 47.427073090789904 Bengal_138.jpg
887 6381 12.204182718767198 887 12295 6.728872705204066 pomeranian_190.jpg
8682 27393 24.066528066528065 8682 806 91.50505902192243 pug_122.jpg
3172 12074 20.805457169093533 3172 5126 38.226078573150154 japanese_chin_15.jpg
2857 17109 14.309325853951718 2857 6375 30.946707105719238 Ragdoll_148.jpg
786 6954 10.155038759689923 786 8672 8.31042503700571 wheaten_terrier_122.jpg
3164 4984 38.83161512027491 3164 7002 31.123352350973835 pomeranian_122.jpg
2296 9404 19.623931623931625 2296 3630 38.74451569355383 pomeranian_175.jpg
1183 9321 11.262376237623762 1183 9458 11.117376186448642 great_pyrenees_134.jpg
1363 12749 9.65844671201814 1363 7321 15.695532012897282 keeshond_137.jpg
5115 3829 57.1891771019678 5115 9852 34.175185407897374 leonberger_116.jpg
7684 28604 21.17504409171076 7684 1483 83.82240645794698 newfoundland_112.jpg
