### border=300, eps=15, min_samples=6, k=5, value_border=(1 / 5) * 0.9
### 所要時間 651.9315140247345 sec
0 23667 0.0 0 3033 0.0 Abyssinian_178.jpg
327 3211 9.242509892594686 327 18210 1.7640394885903867 Bengal_113.jpg
33155 17683 65.21696368857941 33155 395 98.82265275707898 Birman_157.jpg
0 5925 0.0 0 7071 0.0 Bombay_166.jpg
8803 12355 41.6060119103885 8803 12556 41.21447633316166 Persian_105.jpg
788 2457 24.28351309707242 788 17667 4.26984557030615 Persian_159.jpg
10929 16232 40.23784102205368 10929 9503 53.489624119028974 Persian_163.jpg
22145 20415 52.03242481203007 22145 3955 84.84674329501915 Siamese_17.jpg
6201 5676 52.21015407931296 6201 14522 29.923273657289002 american_pit_bull_terrier_181.jpg
22236 16212 57.833957553058674 22236 1324 94.38030560271646 beagle_143.jpg
11321 11892 48.77008572782493 11321 14100 44.5340466543409 keeshond_182.jpg
5627 2821 66.60748106060606 5627 20849 21.25321045475147 newfoundland_180.jpg
1840 4400 29.487179487179485 1840 24194 7.0676807252055 newfoundland_186.jpg
5182 4464 53.72174994816504 5182 12741 28.91257044021648 newfoundland_190.jpg
5017 5103 49.57509881422925 5017 15946 23.932643228545533 pug_15.jpg
4619 6082 43.16419026259228 4619 20012 18.752791198083717 scottish_terrier_183.jpg
7713 17571 30.505457997152348 7713 7768 49.82236289645372 scottish_terrier_174.jpg
1529 2956 34.09141583054627 1529 19383 7.31159143075746 Sphynx_197.jpg
162 3646 4.254201680672269 162 23619 0.6812160968840671 Egyptian_Mau_123.jpg
6576 4848 57.563025210084035 6576 10674 38.12173913043478 Abyssinian_119.jpg
14991 10089 59.77272727272727 14991 13836 52.00333021126028 Bengal_138.jpg
5461 1807 75.13758943313154 5461 17713 23.565202381979805 pomeranian_190.jpg
14249 21826 39.498267498267495 14249 7025 66.97847137350757 pug_122.jpg
8538 6708 56.001574183392364 8538 14160 37.61564895585514 japanese_chin_15.jpg
15810 4156 79.18461384353401 15810 14664 51.880291395944084 Ragdoll_148.jpg
5683 2057 73.42377260981912 5683 22196 20.384518813443812 wheaten_terrier_122.jpg
4460 3688 54.7373588610702 4460 16585 21.192682347350914 pomeranian_122.jpg
3301 8399 28.213675213675213 3301 21076 13.541453008983877 pomeranian_175.jpg
100 10404 0.952018278750952 100 5911 1.6636167027116953 great_pyrenees_134.jpg
7795 6317 55.23667800453515 7795 20499 27.55001060295469 keeshond_137.jpg
6322 2622 70.68425760286226 6322 19045 24.92214294161706 leonberger_116.jpg
21878 14410 60.28990299823633 21878 4671 82.40611699122377 newfoundland_112.jpg
