### border=300, eps=15, min_samples=3, k=9, value_border=(1 / 9) * 0.9
### 所要時間 415.98521637916565 sec
6653 17014 28.110871677863692 6653 8036 45.292395670229425 Abyssinian_178.jpg
166 3372 4.69191633691351 166 12818 1.2784966112138016 Bengal_113.jpg
23685 27153 46.58916558479877 23685 313 98.69572464372031 Birman_157.jpg
2351 3574 39.67932489451477 2351 16734 12.318574796960965 Bombay_166.jpg
4910 16248 23.20635220720295 4910 9802 33.374116367591085 Persian_105.jpg
649 2596 20.0 649 13705 4.521387766476243 Persian_159.jpg
8634 18527 31.78822576488347 8634 7654 53.00834970530452 Persian_163.jpg
16702 25858 39.24342105263158 16702 3302 83.49330133973206 Siamese_17.jpg
5414 6463 45.58390165866801 5414 9302 36.789888556673006 american_pit_bull_terrier_181.jpg
18011 20437 46.845089471493964 18011 1069 94.39727463312369 beagle_143.jpg
9149 14064 39.41325981131263 9149 11964 43.333491213944015 keeshond_182.jpg
4546 3902 53.81155303030303 4546 15348 22.851110887704834 newfoundland_180.jpg
1289 4951 20.65705128205128 1289 18081 6.654620547237997 newfoundland_186.jpg
5897 3749 61.13414886999793 5897 12680 31.743553856919846 newfoundland_190.jpg
4349 5771 42.97430830039526 4349 11685 27.1236123238119 pug_15.jpg
3868 6833 36.14615456499393 3868 15923 19.544237279571522 scottish_terrier_183.jpg
5239 20045 20.72061382692612 5239 6477 44.7166268350973 scottish_terrier_174.jpg
1376 3109 30.68004459308807 1376 16446 7.720794523622489 Sphynx_197.jpg
4 3804 0.10504201680672269 4 19142 0.020892092343048157 Egyptian_Mau_123.jpg
4377 7047 38.3140756302521 4377 9793 30.889202540578687 Abyssinian_119.jpg
9700 15380 38.676236044657095 9700 11017 46.82145098228508 Bengal_138.jpg
3276 3992 45.074298293891026 3276 15873 17.10794297352342 pomeranian_190.jpg
11769 24306 32.62370062370062 11769 4806 71.00452488687783 pug_122.jpg
8654 6592 56.762429489702214 8654 8676 49.936526255049046 japanese_chin_15.jpg
10977 8989 54.97846338775919 10977 12863 46.044463087248324 Ragdoll_148.jpg
1218 6522 15.736434108527131 1218 16786 6.765163297045101 wheaten_terrier_122.jpg
3164 4984 38.83161512027491 3164 12806 19.81214777708203 pomeranian_122.jpg
2407 9293 20.572649572649574 2407 14314 14.395072065067879 pomeranian_175.jpg
3077 7427 29.293602437166793 3077 16736 15.530207439559884 great_pyrenees_134.jpg
3478 10634 24.645691609977323 3478 18307 15.965113610282303 keeshond_137.jpg
5115 3829 57.1891771019678 5115 14934 25.51249438874757 leonberger_116.jpg
13387 22901 36.89098324514991 13387 4129 76.42726649920073 newfoundland_112.jpg
