### border=300, eps=15, min_samples=7, k=15, value_border=(1 / 15) * 0.8
### 所要時間 261.68917059898376 sec
5416 18251 22.884184729792537 5416 6331 46.10538860985783 Abyssinian_178.jpg
153 3385 4.32447710570944 153 8384 1.792198664636289 Bengal_113.jpg
18337 32501 36.06947558912624 18337 287 98.45897766323024 Birman_157.jpg
1712 4213 28.89451476793249 1712 13590 11.18807998954385 Bombay_166.jpg
4172 16986 19.718309859154928 4172 7862 34.66843942163869 Persian_105.jpg
565 2680 17.41140215716487 565 11138 4.82782192600188 Persian_159.jpg
6111 21050 22.499171606347335 6111 6672 47.805679417977004 Persian_163.jpg
12663 29897 29.75328947368421 12663 2083 85.87413535874136 Siamese_17.jpg
4149 7728 34.93306390502652 4149 7373 36.009373372678354 american_pit_bull_terrier_181.jpg
15054 23394 39.1541822721598 15054 980 93.88798802544592 beagle_143.jpg
6716 16497 28.932063929694568 6716 10148 39.824478178368125 keeshond_182.jpg
3425 5023 40.54214015151515 3425 12230 21.877994251038007 newfoundland_180.jpg
256 5984 4.102564102564102 256 13704 1.833810888252149 newfoundland_186.jpg
4267 5379 44.23595272651876 4267 10268 29.35672514619883 newfoundland_190.jpg
2602 7518 25.711462450592887 2602 9088 22.258340461933276 pug_15.jpg
2698 8003 25.212596953555742 2698 12491 17.76285469747844 scottish_terrier_183.jpg
3496 21788 13.826926119284924 3496 4509 43.67270455965022 scottish_terrier_174.jpg
1172 3313 26.13154960981048 1172 13440 8.020804817957844 Sphynx_197.jpg
3 3805 0.07878151260504201 3 14903 0.02012612370857373 Egyptian_Mau_123.jpg
4109 7315 35.96813725490196 4109 7112 36.618839675608235 Abyssinian_119.jpg
6429 18651 25.63397129186603 6429 9610 40.08354635575784 Bengal_138.jpg
1958 5310 26.940011007154652 1958 12706 13.352427714129842 pomeranian_190.jpg
8567 27508 23.74774774774775 8567 4003 68.15433571996817 pug_122.jpg
5727 9519 37.56395120031484 5727 6106 48.39854643792783 japanese_chin_15.jpg
10019 9947 50.180306521085846 10019 10781 48.16826923076923 Ragdoll_148.jpg
725 7015 9.366925064599483 725 13298 5.170077729444484 wheaten_terrier_122.jpg
2110 6038 25.895925380461463 2110 8882 19.195778748180494 pomeranian_122.jpg
1022 10678 8.735042735042734 1022 11224 8.34558223093255 pomeranian_175.jpg
2270 8234 21.61081492764661 2270 13487 14.406295614647458 great_pyrenees_134.jpg
3045 11067 21.577380952380953 3045 15400 16.50853889943074 keeshond_137.jpg
4096 4848 45.796064400715565 4096 11006 27.12223546550126 leonberger_116.jpg
9015 27273 24.842923280423282 9015 3419 72.50281486247387 newfoundland_112.jpg
