### border=300, eps=15, min_samples=5, k=14, value_border=1 / 14
### 所要時間 357.9571888446808 sec
1642 22025 6.937930451683779 1642 1802 47.67711962833914 Abyssinian_178.jpg
153 3385 4.32447710570944 153 5279 2.8166421207658323 Bengal_113.jpg
10531 40307 20.714819623116565 10531 272 97.48218087568269 Birman_157.jpg
0 5925 0.0 0 4258 0.0 Bombay_166.jpg
2836 18322 13.403913413366103 2836 4123 40.75298175025147 Persian_105.jpg
0 3245 0.0 0 3567 0.0 Persian_159.jpg
3717 23444 13.685063142005081 3717 5058 42.35897435897436 Persian_163.jpg
5178 37382 12.166353383458647 5178 1227 80.84309133489461 Siamese_17.jpg
1396 10481 11.753809884651005 1396 3684 27.480314960629922 american_pit_bull_terrier_181.jpg
6860 31588 17.842280482729922 6860 12 99.82537834691502 beagle_143.jpg
1949 21264 8.396157325636496 1949 1956 49.91037131882202 keeshond_182.jpg
3255 5193 38.52982954545455 3255 3562 47.74827636790377 newfoundland_180.jpg
0 6240 0.0 0 5502 0.0 newfoundland_186.jpg
4142 5504 42.94007878913539 4142 2581 61.60940056522386 newfoundland_190.jpg
1833 8287 18.112648221343875 1833 5334 25.575554625366262 pug_15.jpg
0 10701 0.0 0 5391 0.0 scottish_terrier_183.jpg
1364 23920 5.394716025945262 1364 2388 36.353944562899784 scottish_terrier_174.jpg
1058 3427 23.58974358974359 1058 5642 15.791044776119403 Sphynx_197.jpg
0 3808 0.0 0 6056 0.0 Egyptian_Mau_123.jpg
564 10860 4.936974789915967 564 2915 16.211555044553034 Abyssinian_119.jpg
3873 21207 15.442583732057416 3873 4414 46.735851333413784 Bengal_138.jpg
16 7252 0.2201430930104568 16 7100 0.22484541877459246 pomeranian_190.jpg
4893 31182 13.563409563409563 4893 1984 71.15021084775339 pug_122.jpg
3956 11290 25.94778958415322 3956 3886 50.44631471563377 japanese_chin_15.jpg
3525 16441 17.65501352298908 3525 3370 51.12400290065265 Ragdoll_148.jpg
705 7035 9.108527131782946 705 6776 9.423873813661276 wheaten_terrier_122.jpg
2151 5997 26.399116347569954 2151 4260 33.55170800187178 pomeranian_122.jpg
672 11028 5.743589743589744 672 8385 7.419675389201722 pomeranian_175.jpg
0 10504 0.0 0 2141 0.0 great_pyrenees_134.jpg
1453 12659 10.296201814058957 1453 6214 18.9513499413069 keeshond_137.jpg
4169 4775 46.61225402504472 4169 4072 50.58852081058124 leonberger_116.jpg
5387 30901 14.8451278659612 5387 1095 83.10706572045665 newfoundland_112.jpg
