###border=300, eps=15, min_samples=5, k=13, value_border=1 / 13
### 所要時間 772.853497505188 sec
[[[1802, 28759, 5.896403913484506],
  [1802, 1611, 52.79812481687665],
  'Abyssinian_169.jpg'],
 [[1914, 21753, 8.087210039295222],
  [1914, 1793, 51.632047477744806],
  'Abyssinian_178.jpg'],
 [[153, 3385, 4.32447710570944],
  [153, 3358, 4.3577328396468245],
  'Bengal_113.jpg'],
 [[0, 4140, 0.0], [0, 7249, 0.0], 'Bengal_132.jpg'],
 [[8570, 42268, 16.857468822534326],
  [8570, 272, 96.92377290205836],
  'Birman_157.jpg'],
 [[0, 5925, 0.0], [0, 3924, 0.0], 'Bombay_166.jpg'],
 [[2583, 20357, 11.259808195292067],
  [2583, 1928, 57.260031035247174],
  'British_Shorthair_116.jpg'],
 [[2129, 14412, 12.871047699655401],
  [2129, 1709, 55.471599791558106],
  'Maine_Coon_162.jpg'],
 [[3043, 18115, 14.382266754891766],
  [3043, 3478, 46.66462199049226],
  'Persian_105.jpg'],
 [[0, 3245, 0.0], [0, 2497, 0.0], 'Persian_159.jpg'],
 [[2981, 24180, 10.975295460402783],
  [2981, 4428, 40.23484950735592],
  'Persian_163.jpg'],
 [[1980, 8968, 18.085495067592255],
  [1980, 5392, 26.85838307107976],
  'Persian_171.jpg'],
 [[7520, 35040, 17.669172932330827],
  [7520, 1654, 81.97078700675823],
  'Siamese_17.jpg'],
 [[1964, 8706, 18.406747891283974],
  [1964, 4054, 32.6354270521768],
  'Sphynx_119.jpg'],
 [[2217, 7483, 22.855670103092784],
  [2217, 1768, 55.633626097867],
  'Sphynx_158.jpg'],
 [[917, 6479, 12.398593834505139],
  [917, 4598, 16.627379873073437],
  'Sphynx_164.jpg'],
 [[4236, 26724, 13.682170542635658],
  [4236, 1296, 76.57266811279827],
  'Sphynx_17.jpg'],
 [[3495, 11082, 23.976126775056596],
  [3495, 1977, 63.87061403508772],
  'american_bulldog_188.jpg'],
 [[2709, 9168, 22.808790098509725],
  [2709, 4311, 38.58974358974359],
  'american_pit_bull_terrier_181.jpg'],
 [[159, 8481, 1.8402777777777777],
  [159, 4783, 3.217320922703359],
  'american_pit_bull_terrier_187.jpg'],
 [[5709, 58027, 8.957261202460147], [5709, 0, 100.0], 'basset_hound_151.jpg'],
 [[7563, 30885, 19.670724094881397],
  [7563, 12, 99.84158415841584],
  'beagle_143.jpg'],
 [[3167, 42415, 6.947918037821947],
  [3167, 865, 78.54662698412699],
  'chihuahua_11.jpg'],
 [[1711, 9461, 15.315073397780164],
  [1711, 2007, 46.019365250134484],
  'english_cocker_spaniel_177.jpg'],
 [[4388, 23322, 15.835438469866475],
  [4388, 2458, 64.09582237803097],
  'english_cocker_spaniel_186.jpg'],
 [[1044, 4930, 17.475728155339805],
  [1044, 3979, 20.78439179773044],
  'german_shorthaired_119.jpg'],
 [[0, 11424, 0.0], [0, 3093, 0.0], 'havanese_122.jpg'],
 [[774, 3314, 18.933463796477493],
  [774, 4609, 14.378599294073936],
  'japanese_chin_106.jpg'],
 [[3940, 19273, 16.973247749106104],
  [3940, 4144, 48.73824839188521],
  'keeshond_182.jpg'],
 [[560, 10954, 4.863644259162759],
  [560, 2661, 17.385904998447685],
  'newfoundland_129.jpg'],
 [[2655, 5793, 31.427556818181817],
  [2655, 897, 74.74662162162163],
  'newfoundland_180.jpg'],
 [[0, 6240, 0.0], [0, 5338, 0.0], 'newfoundland_186.jpg'],
 [[3273, 6373, 33.9311631764462],
  [3273, 2420, 57.491656420165114],
  'newfoundland_190.jpg'],
 [[1931, 8189, 19.08102766798419],
  [1931, 4196, 31.51623959523421],
  'pug_15.jpg'],
 [[4173, 28211, 12.885993083003953],
  [4173, 1670, 71.41879171658395],
  'saint_bernard_178.jpg'],
 [[3650, 16678, 17.955529319165684],
  [3650, 4831, 43.03737766772786],
  'scottish_terrier_12.jpg'],
 [[0, 10701, 0.0], [0, 3768, 0.0], 'scottish_terrier_183.jpg'],
 [[1007, 6273, 13.832417582417582],
  [1007, 5676, 15.068083196169384],
  'yorkshire_terrier_106.jpg'],
 [[3027, 34078, 8.157930198086511],
  [3027, 2756, 52.343074528791284],
  'german_shorthaired_164.jpg'],
 [[1242, 24042, 4.912197437114381],
  [1242, 2712, 31.411229135053112],
  'scottish_terrier_174.jpg'],
 [[1770, 6007, 22.75941879902276],
  [1770, 3179, 35.76480096989291],
  'american_pit_bull_terrier_121.jpg'],
 [[1326, 3159, 29.565217391304348],
  [1326, 6736, 16.447531629868518],
  'Sphynx_197.jpg'],
 [[0, 3808, 0.0], [0, 8682, 0.0], 'Egyptian_Mau_123.jpg'],
 [[1432, 4481, 24.21782513106714],
  [1432, 5904, 19.520174482006542],
  'Maine_Coon_133.jpg'],
 [[3228, 11156, 22.441601779755285],
  [3228, 1348, 70.54195804195804],
  'Abyssinian_167.jpg'],
 [[912, 10512, 7.983193277310924],
  [912, 3700, 19.774501300954032],
  'Abyssinian_119.jpg'],
 [[1488, 5232, 22.142857142857142],
  [1488, 4467, 24.987405541561714],
  'Abyssinian_190.jpg'],
 [[4519, 20561, 18.018341307814993],
  [4519, 7124, 38.81302069913253],
  'Bengal_138.jpg'],
 [[3599, 31370, 10.291972890274243],
  [3599, 2121, 62.91958041958042],
  'Bombay_164.jpg'],
 [[3776, 33844, 10.037214247740563],
  [3776, 1944, 66.01398601398601],
  'Bombay_189.jpg'],
 [[3609, 17586, 17.0276008492569],
  [3609, 614, 85.46057305233246],
  'pomeranian_147.jpg'],
 [[3140, 11244, 21.829810901001114],
  [3140, 821, 79.27291088109064],
  'beagle_179.jpg'],
 [[5443, 17657, 23.562770562770563],
  [5443, 2490, 68.6121265599395],
  'Bengal_160.jpg'],
 [[3175, 13922, 18.570509446101656],
  [3175, 3704, 46.154964384358195],
  'Maine_Coon_217.jpg'],
 [[795, 6473, 10.938359933957072],
  [795, 7188, 9.958662157083802],
  'pomeranian_190.jpg'],
 [[5857, 30218, 16.235620235620235],
  [5857, 1638, 78.1454302868579],
  'pug_122.jpg'],
 [[698, 20762, 3.2525629077353213], [698, 0, 100.0], 'pomeranian_136.jpg'],
 [[4237, 11883, 26.28411910669975],
  [4237, 4614, 47.87029714156593],
  'Maine_Coon_191.jpg'],
 [[4061, 11185, 26.636494818313],
  [4061, 3581, 53.14053912588328],
  'japanese_chin_15.jpg'],
 [[4161, 15805, 20.840428728839026],
  [4161, 3486, 54.41349548842683],
  'Ragdoll_148.jpg'],
 [[3410, 25660, 11.73030615755074],
  [3410, 637, 84.25994563874475],
  'chihuahua_14.jpg'],
 [[1851, 5079, 26.70995670995671],
  [1851, 6304, 22.69773145309626],
  'miniature_pinscher_101.jpg'],
 [[705, 7035, 9.108527131782946],
  [705, 7434, 8.661997788426097],
  'wheaten_terrier_122.jpg'],
 [[4009, 24721, 13.954054994778977],
  [4009, 2892, 58.093029995652806],
  'Abyssinian_112.jpg'],
 [[0, 6248, 0.0], [0, 3472, 0.0], 'american_pit_bull_terrier_151.jpg'],
 [[6305, 19357, 24.569402228976696],
  [6305, 1006, 86.2399124606757],
  'japanese_chin_110.jpg'],
 [[1756, 6392, 21.551300932744233],
  [1756, 4721, 27.111316967731973],
  'pomeranian_122.jpg'],
 [[840, 10860, 7.17948717948718],
  [840, 6945, 10.789980732177264],
  'pomeranian_175.jpg'],
 [[1421, 9083, 13.528179741051028],
  [1421, 4298, 24.84700122399021],
  'great_pyrenees_134.jpg'],
 [[978, 13134, 6.930272108843537],
  [978, 8938, 9.862847922549415],
  'keeshond_137.jpg'],
 [[5115, 3829, 57.1891771019678],
  [5115, 3137, 61.98497333979641],
  'leonberger_116.jpg'],
 [[4813, 31475, 13.26333774250441],
  [4813, 2167, 68.95415472779369],
  'newfoundland_112.jpg'],
 [[640, 7339, 8.02105527008397],
  [640, 3686, 14.794267221451687],
  'scottish_terrier_122.jpg'],
 [[1205, 4475, 21.214788732394368],
  [1205, 5399, 18.246517262265293],
  'Bombay_172.jpg'],
 [[2973, 22112, 11.851704205700617],
  [2973, 3091, 49.02704485488127],
  'Bombay_131.jpg']]