###border=300, eps=15, min_samples=5, k=12, value_border=1 / 12
###所要時間 808.7709531784058 sec
[[[2157, 28404, 7.058015117306371],
  [2157, 1426, 60.20094892548144],
  'Abyssinian_169.jpg'],
 [[1995, 21672, 8.429458740017747],
  [1995, 2698, 42.51012145748988],
  'Abyssinian_178.jpg'],
 [[153, 3385, 4.32447710570944],
  [153, 3669, 4.003139717425432],
  'Bengal_113.jpg'],
 [[436, 3704, 10.531400966183575],
  [436, 7015, 5.851563548516977],
  'Bengal_132.jpg'],
 [[8310, 42528, 16.346040363507612],
  [8310, 272, 96.8305756233978],
  'Birman_157.jpg'],
 [[0, 5925, 0.0], [0, 4549, 0.0], 'Bombay_166.jpg'],
 [[2760, 20180, 12.031386224934613],
  [2760, 1186, 69.94424733907755],
  'British_Shorthair_116.jpg'],
 [[1824, 14717, 11.027144670817968],
  [1824, 2674, 40.55135615829258],
  'Maine_Coon_162.jpg'],
 [[2940, 18218, 13.89545325645146],
  [2940, 3082, 48.82098970441714],
  'Persian_105.jpg'],
 [[649, 2596, 20.0], [649, 3222, 16.76569361921984], 'Persian_159.jpg'],
 [[3344, 23817, 12.31177055336696],
  [3344, 4080, 45.043103448275865],
  'Persian_163.jpg'],
 [[1512, 9436, 13.81074168797954],
  [1512, 6836, 18.112122664111165],
  'Persian_171.jpg'],
 [[8125, 34435, 19.090695488721803],
  [8125, 2484, 76.58591761711754],
  'Siamese_17.jpg'],
 [[2234, 8436, 20.937207122774133],
  [2234, 4587, 32.75179592435127],
  'Sphynx_119.jpg'],
 [[3421, 6279, 35.2680412371134],
  [3421, 2396, 58.81038335911982],
  'Sphynx_158.jpg'],
 [[626, 6770, 8.46403461330449],
  [626, 4614, 11.946564885496183],
  'Sphynx_164.jpg'],
 [[1701, 29259, 5.494186046511628],
  [1701, 3089, 35.511482254697285],
  'Sphynx_17.jpg'],
 [[5458, 9119, 37.4425464773273],
  [5458, 423, 92.8073456895086],
  'american_bulldog_188.jpg'],
 [[3228, 8649, 27.178580449608486],
  [3228, 4275, 43.02279088364654],
  'american_pit_bull_terrier_181.jpg'],
 [[159, 8481, 1.8402777777777777],
  [159, 4825, 3.1902086677367576],
  'american_pit_bull_terrier_187.jpg'],
 [[6625, 57111, 10.394439563198192], [6625, 0, 100.0], 'basset_hound_151.jpg'],
 [[6729, 31719, 17.501560549313357],
  [6729, 12, 99.82198486871384],
  'beagle_143.jpg'],
 [[7557, 38025, 16.5789127287087],
  [7557, 1475, 83.66917626217892],
  'chihuahua_11.jpg'],
 [[686, 10486, 6.140350877192983],
  [686, 3415, 16.72762740794928],
  'english_cocker_spaniel_177.jpg'],
 [[4709, 23001, 16.993865030674847],
  [4709, 549, 89.5587675922404],
  'english_cocker_spaniel_186.jpg'],
 [[1182, 4792, 19.785738198861733],
  [1182, 5768, 17.007194244604317],
  'german_shorthaired_119.jpg'],
 [[0, 11424, 0.0], [0, 6738, 0.0], 'havanese_122.jpg'],
 [[774, 3314, 18.933463796477493],
  [774, 5906, 11.58682634730539],
  'japanese_chin_106.jpg'],
 [[2140, 21073, 9.218972127687072],
  [2140, 5952, 26.445872466633713],
  'keeshond_182.jpg'],
 [[1981, 9533, 17.205141566788257],
  [1981, 6040, 24.697668619872832],
  'newfoundland_129.jpg'],
 [[2183, 6265, 25.840435606060606],
  [2183, 6927, 23.962678375411635],
  'newfoundland_180.jpg'],
 [[108, 6132, 1.7307692307692308],
  [108, 8548, 1.2476894639556377],
  'newfoundland_186.jpg'],
 [[3777, 5869, 39.15612689197595],
  [3777, 5683, 39.92600422832981],
  'newfoundland_190.jpg'],
 [[1945, 8175, 19.219367588932805],
  [1945, 3420, 36.25349487418453],
  'pug_15.jpg'],
 [[5180, 27204, 15.995553359683795],
  [5180, 1268, 80.3349875930521],
  'saint_bernard_178.jpg'],
 [[3987, 16341, 19.613341204250297],
  [3987, 5889, 40.37059538274605],
  'scottish_terrier_12.jpg'],
 [[0, 10701, 0.0], [0, 5387, 0.0], 'scottish_terrier_183.jpg'],
 [[1787, 5493, 24.546703296703296],
  [1787, 1622, 52.420064535054266],
  'yorkshire_terrier_106.jpg'],
 [[2876, 34229, 7.750976957283385],
  [2876, 3374, 46.016],
  'german_shorthaired_164.jpg'],
 [[1476, 23808, 5.837683910773611],
  [1476, 2146, 40.75096631695196],
  'scottish_terrier_174.jpg'],
 [[927, 6850, 11.91976340491192],
  [927, 2998, 23.61783439490446],
  'american_pit_bull_terrier_121.jpg'],
 [[1075, 3410, 23.968784838350057],
  [1075, 6520, 14.154048716260698],
  'Sphynx_197.jpg'],
 [[0, 3808, 0.0], [0, 7634, 0.0], 'Egyptian_Mau_123.jpg'],
 [[867, 5046, 14.662607813292745],
  [867, 821, 51.36255924170616],
  'Maine_Coon_133.jpg'],
 [[1931, 12453, 13.424638487208009],
  [1931, 4213, 31.429036458333332],
  'Abyssinian_167.jpg'],
 [[719, 10705, 6.293767507002801],
  [719, 4276, 14.394394394394395],
  'Abyssinian_119.jpg'],
 [[1993, 4727, 29.657738095238095],
  [1993, 2289, 46.5436711816908],
  'Abyssinian_190.jpg'],
 [[3414, 21666, 13.61244019138756],
  [3414, 6145, 35.71503295323779],
  'Bengal_138.jpg'],
 [[2664, 32305, 7.618176098830393],
  [2664, 1989, 57.25338491295938],
  'Bombay_164.jpg'],
 [[2840, 34780, 7.549175970228601],
  [2840, 1813, 61.035890823124866],
  'Bombay_189.jpg'],
 [[5040, 16155, 23.779193205944797],
  [5040, 1294, 79.5705715187875],
  'pomeranian_147.jpg'],
 [[3754, 10630, 26.098442714126808],
  [3754, 821, 82.05464480874316],
  'beagle_179.jpg'],
 [[5251, 17849, 22.73160173160173],
  [5251, 1493, 77.86180308422301],
  'Bengal_160.jpg'],
 [[3788, 13309, 22.15593378955372],
  [3788, 4064, 48.24248599083036],
  'Maine_Coon_217.jpg'],
 [[887, 6381, 12.204182718767198],
  [887, 7346, 10.773715535041905],
  'pomeranian_190.jpg'],
 [[4722, 31353, 13.089397089397089],
  [4722, 3136, 60.09162636803258],
  'pug_122.jpg'],
 [[1703, 19757, 7.9356943150046595], [1703, 0, 100.0], 'pomeranian_136.jpg'],
 [[4281, 11839, 26.557071960297765],
  [4281, 3779, 53.11414392059553],
  'Maine_Coon_191.jpg'],
 [[4015, 11231, 26.334776334776336],
  [4015, 5498, 42.20540313255545],
  'japanese_chin_15.jpg'],
 [[4524, 15442, 22.658519483121307],
  [4524, 6086, 42.63901979264845],
  'Ragdoll_148.jpg'],
 [[4065, 25005, 13.983488132094942],
  [4065, 1400, 74.38243366880147],
  'chihuahua_14.jpg'],
 [[1851, 5079, 26.70995670995671],
  [1851, 6006, 23.5586101565483],
  'miniature_pinscher_101.jpg'],
 [[705, 7035, 9.108527131782946],
  [705, 7611, 8.477633477633479],
  'wheaten_terrier_122.jpg'],
 [[5635, 23095, 19.613644274277757],
  [5635, 3975, 58.636836628511965],
  'Abyssinian_112.jpg'],
 [[0, 6248, 0.0], [0, 3685, 0.0], 'american_pit_bull_terrier_151.jpg'],
 [[3203, 22459, 12.48149014106461],
  [3203, 3850, 45.413299305260175],
  'japanese_chin_110.jpg'],
 [[2828, 5320, 34.707903780068726],
  [2828, 4669, 37.72175536881419],
  'pomeranian_122.jpg'],
 [[2296, 9404, 19.623931623931625],
  [2296, 3538, 39.355502228316766],
  'pomeranian_175.jpg'],
 [[1421, 9083, 13.528179741051028],
  [1421, 5255, 21.28520071899341],
  'great_pyrenees_134.jpg'],
 [[1742, 12370, 12.344104308390023],
  [1742, 7526, 18.795856711264566],
  'keeshond_137.jpg'],
 [[5115, 3829, 57.1891771019678],
  [5115, 1967, 72.22536006777746],
  'leonberger_116.jpg'],
 [[5580, 30708, 15.376984126984127],
  [5580, 771, 87.86017949929145],
  'newfoundland_112.jpg'],
 [[640, 7339, 8.02105527008397],
  [640, 3862, 14.215904042647713],
  'scottish_terrier_122.jpg'],
 [[1419, 4261, 24.982394366197184],
  [1419, 6750, 17.370547190598604],
  'Bombay_172.jpg'],
 [[2156, 22929, 8.594777755630854],
  [2156, 2646, 44.89795918367347],
  'Bombay_131.jpg']]