### border=300, eps=15, min_samples=5, k=11, value_border=1 / 11
### 所要時間 848.4130420684814 sec
[[[3991, 26570, 13.059127646346651],
  [3991, 2456, 61.904761904761905],
  'Abyssinian_169.jpg'],
 [[2428, 21239, 10.259010436472726],
  [2428, 2753, 46.86353985717043],
  'Abyssinian_178.jpg'],
 [[153, 3385, 4.32447710570944],
  [153, 6809, 2.197644355070382],
  'Bengal_113.jpg'],
 [[436, 3704, 10.531400966183575],
  [436, 7995, 5.171391294033922],
  'Bengal_132.jpg'],
 [[9520, 41318, 18.726149730516543],
  [9520, 272, 97.22222222222223],
  'Birman_157.jpg'],
 [[0, 5925, 0.0], [0, 4549, 0.0], 'Bombay_166.jpg'],
 [[2599, 20341, 11.329555361813426],
  [2599, 1186, 68.66578599735799],
  'British_Shorthair_116.jpg'],
 [[3508, 13033, 21.20790762348105],
  [3508, 3137, 52.7915726109857],
  'Maine_Coon_162.jpg'],
 [[3981, 17177, 18.81557803195009],
  [3981, 3737, 51.58072039388443],
  'Persian_105.jpg'],
 [[649, 2596, 20.0], [649, 5510, 10.537424906640688], 'Persian_159.jpg'],
 [[4242, 22919, 15.617981664887154],
  [4242, 3804, 52.72184936614467],
  'Persian_163.jpg'],
 [[2909, 8039, 26.571063207891854],
  [2909, 6429, 31.152281002355966],
  'Persian_171.jpg'],
 [[8443, 34117, 19.837875939849624],
  [8443, 2556, 76.76152377488863],
  'Siamese_17.jpg'],
 [[1830, 8840, 17.150890346766637],
  [1830, 4688, 28.07609696225836],
  'Sphynx_119.jpg'],
 [[2619, 7081, 27.0], [2619, 1602, 62.046908315565034], 'Sphynx_158.jpg'],
 [[81, 7315, 1.0951865873445106],
  [81, 5568, 1.4338821030270845],
  'Sphynx_164.jpg'],
 [[1798, 29162, 5.80749354005168],
  [1798, 1287, 58.282009724473255],
  'Sphynx_17.jpg'],
 [[5314, 9263, 36.454688893462304],
  [5314, 320, 94.32019879304224],
  'american_bulldog_188.jpg'],
 [[4523, 7354, 38.082007240885744],
  [4523, 4919, 47.902986655369624],
  'american_pit_bull_terrier_181.jpg'],
 [[485, 8155, 5.613425925925926],
  [485, 5504, 8.098179996660544],
  'american_pit_bull_terrier_187.jpg'],
 [[4292, 59444, 6.734027864942889], [4292, 0, 100.0], 'basset_hound_151.jpg'],
 [[6356, 32092, 16.53141905950895],
  [6356, 12, 99.81155778894473],
  'beagle_143.jpg'],
 [[6963, 38619, 15.275766750032908],
  [6963, 1518, 82.1011673151751],
  'chihuahua_11.jpg'],
 [[1483, 9689, 13.274257071249552],
  [1483, 3852, 27.797563261480786],
  'english_cocker_spaniel_177.jpg'],
 [[4770, 22940, 17.21400216528329],
  [4770, 549, 89.67851099830796],
  'english_cocker_spaniel_186.jpg'],
 [[295, 5679, 4.93806494810847],
  [295, 7972, 3.5684044998185556],
  'german_shorthaired_119.jpg'],
 [[0, 11424, 0.0], [0, 3525, 0.0], 'havanese_122.jpg'],
 [[774, 3314, 18.933463796477493],
  [774, 5075, 13.233031287399555],
  'japanese_chin_106.jpg'],
 [[1237, 21976, 5.328910524275191],
  [1237, 6405, 16.186862077990057],
  'keeshond_182.jpg'],
 [[2442, 9072, 21.208963001563315],
  [2442, 2389, 50.54854067480853],
  'newfoundland_129.jpg'],
 [[3174, 5274, 37.57102272727273],
  [3174, 3355, 48.61387655077347],
  'newfoundland_180.jpg'],
 [[108, 6132, 1.7307692307692308],
  [108, 8279, 1.2877071658519137],
  'newfoundland_186.jpg'],
 [[2179, 7467, 22.58967447646693],
  [2179, 9, 99.58866544789763],
  'newfoundland_190.jpg'],
 [[2831, 7289, 27.974308300395258],
  [2831, 4246, 40.00282605623852],
  'pug_15.jpg'],
 [[5527, 26857, 17.067070158102766],
  [5527, 1837, 75.05431830526888],
  'saint_bernard_178.jpg'],
 [[3973, 16355, 19.544470680834316],
  [3973, 3744, 51.48373720357652],
  'scottish_terrier_12.jpg'],
 [[0, 10701, 0.0], [0, 7298, 0.0], 'scottish_terrier_183.jpg'],
 [[762, 6518, 10.467032967032967],
  [762, 5513, 12.143426294820717],
  'yorkshire_terrier_106.jpg'],
 [[4796, 32309, 12.925481741005255],
  [4796, 2659, 64.3326626425218],
  'german_shorthaired_164.jpg'],
 [[2452, 22832, 9.69783262142066],
  [2452, 2396, 50.57755775577558],
  'scottish_terrier_174.jpg'],
 [[1791, 5986, 23.02944580172303],
  [1791, 3459, 34.114285714285714],
  'american_pit_bull_terrier_121.jpg'],
 [[1344, 3141, 29.96655518394649],
  [1344, 6760, 16.58440276406713],
  'Sphynx_197.jpg'],
 [[0, 3808, 0.0], [0, 8375, 0.0], 'Egyptian_Mau_123.jpg'],
 [[2533, 3380, 42.837814983933704],
  [2533, 5465, 31.6704176044011],
  'Maine_Coon_133.jpg'],
 [[1411, 12973, 9.809510567296996],
  [1411, 2733, 34.0492277992278],
  'Abyssinian_167.jpg'],
 [[0, 11424, 0.0], [0, 3106, 0.0], 'Abyssinian_119.jpg'],
 [[3065, 3655, 45.61011904761905],
  [3065, 3974, 43.54311692001705],
  'Abyssinian_190.jpg'],
 [[3023, 22057, 12.053429027113237],
  [3023, 4556, 39.88652856577385],
  'Bengal_138.jpg'],
 [[842, 34127, 2.4078469501558524],
  [842, 2095, 28.66870956758597],
  'Bombay_164.jpg'],
 [[1357, 36263, 3.607123870281765],
  [1357, 1580, 46.20360912495744],
  'Bombay_189.jpg'],
 [[4714, 16481, 22.241094597782496],
  [4714, 1543, 75.33961962601886],
  'pomeranian_147.jpg'],
 [[6704, 7680, 46.60734149054505],
  [6704, 635, 91.34759504019621],
  'beagle_179.jpg'],
 [[5469, 17631, 23.675324675324674],
  [5469, 1303, 80.75900767867691],
  'Bengal_160.jpg'],
 [[3558, 13539, 20.81066853834006],
  [3558, 1571, 69.3702476116202],
  'Maine_Coon_217.jpg'],
 [[884, 6384, 12.162905888827739],
  [884, 8912, 9.024091465904451],
  'pomeranian_190.jpg'],
 [[4768, 31307, 13.216909216909217],
  [4768, 1735, 73.32000615100723],
  'pug_122.jpg'],
 [[1567, 19893, 7.301957129543337], [1567, 0, 100.0], 'pomeranian_136.jpg'],
 [[3899, 12221, 24.187344913151364],
  [3899, 5359, 42.1149276301577],
  'Maine_Coon_191.jpg'],
 [[4415, 10831, 28.958415322051685],
  [4415, 5035, 46.71957671957672],
  'japanese_chin_15.jpg'],
 [[3380, 16586, 16.92877892417109],
  [3380, 5004, 40.31488549618321],
  'Ragdoll_148.jpg'],
 [[4837, 24233, 16.639146886824907],
  [4837, 1400, 77.55331088664423],
  'chihuahua_14.jpg'],
 [[1836, 5094, 26.493506493506494],
  [1836, 4699, 28.09487375669472],
  'miniature_pinscher_101.jpg'],
 [[772, 6968, 9.974160206718347],
  [772, 6849, 10.129904212045663],
  'wheaten_terrier_122.jpg'],
 [[4925, 23805, 17.1423599025409],
  [4925, 3975, 55.337078651685395],
  'Abyssinian_112.jpg'],
 [[0, 6248, 0.0], [0, 2925, 0.0], 'american_pit_bull_terrier_151.jpg'],
 [[5431, 20231, 21.163588184864782],
  [5431, 4664, 53.79891035165924],
  'japanese_chin_110.jpg'],
 [[2485, 5663, 30.49828178694158],
  [2485, 5309, 31.883500128303822],
  'pomeranian_122.jpg'],
 [[2296, 9404, 19.623931623931625],
  [2296, 3538, 39.355502228316766],
  'pomeranian_175.jpg'],
 [[1421, 9083, 13.528179741051028],
  [1421, 5683, 20.002815315315317],
  'great_pyrenees_134.jpg'],
 [[1083, 13029, 7.674319727891157],
  [1083, 12524, 7.959138678621298],
  'keeshond_137.jpg'],
 [[5115, 3829, 57.1891771019678],
  [5115, 4167, 55.10665804783452],
  'leonberger_116.jpg'],
 [[8248, 28040, 22.729276895943563],
  [8248, 770, 91.46152140164116],
  'newfoundland_112.jpg'],
 [[579, 7400, 7.256548439654092],
  [579, 4589, 11.203560371517028],
  'scottish_terrier_122.jpg'],
 [[1205, 4475, 21.214788732394368],
  [1205, 5098, 19.117880374424878],
  'Bombay_172.jpg'],
 [[2356, 22729, 9.3920669722942],
  [2356, 4094, 36.52713178294574],
  'Bombay_131.jpg']]