###border=300, eps=15, min_samples=5, k=5, value_border=1 / 5
###所要時間 1542.4263100624084 sec
[[[8149, 22412, 26.664703380124998],
  [8149, 2280, 78.13788474446255],
  'Abyssinian_169.jpg'],
 [[0, 23667, 0.0], [0, 3033, 0.0], 'Abyssinian_178.jpg'],
 [[236, 3302, 6.670435274166196],
  [236, 7890, 2.9042579374846174],
  'Bengal_113.jpg'],
 [[0, 4140, 0.0], [0, 8168, 0.0], 'Bengal_132.jpg'],
 [[15846, 34992, 31.169597545143397],
  [15846, 395, 97.56788375100055],
  'Birman_157.jpg'],
 [[0, 5925, 0.0], [0, 7071, 0.0], 'Bombay_166.jpg'],
 [[7067, 15873, 30.806451612903224],
  [7067, 1286, 84.60433377229738],
  'British_Shorthair_116.jpg'],
 [[5188, 11353, 31.3644882413397],
  [5188, 7334, 41.43108129691743],
  'Maine_Coon_162.jpg'],
 [[1612, 19546, 7.618867567823045],
  [1612, 3237, 33.24396782841823],
  'Persian_105.jpg'],
 [[0, 3245, 0.0], [0, 4358, 0.0], 'Persian_159.jpg'],
 [[7833, 19328, 28.83914436140054],
  [7833, 1442, 84.45283018867924],
  'Persian_163.jpg'],
 [[27, 10921, 0.24662038728534894],
  [27, 9341, 0.2882152006831768],
  'Persian_171.jpg'],
 [[15209, 27351, 35.73543233082707],
  [15209, 1176, 92.82270369240159],
  'Siamese_17.jpg'],
 [[2092, 8578, 19.606373008434865],
  [2092, 5710, 26.813637528838758],
  'Sphynx_119.jpg'],
 [[7052, 2648, 72.70103092783505],
  [7052, 4163, 62.88007133303611],
  'Sphynx_158.jpg'],
 [[81, 7315, 1.0951865873445106],
  [81, 12366, 0.6507592190889371],
  'Sphynx_164.jpg'],
 [[6054, 24906, 19.55426356589147],
  [6054, 5320, 53.22665728855284],
  'Sphynx_17.jpg'],
 [[9462, 5115, 64.91047540646224],
  [9462, 1911, 83.19704563439726],
  'american_bulldog_188.jpg'],
 [[5034, 6843, 42.38444051528164],
  [5034, 5657, 47.0863342998784],
  'american_pit_bull_terrier_181.jpg'],
 [[1890, 6750, 21.875],
  [1890, 7868, 19.368723098995694],
  'american_pit_bull_terrier_187.jpg'],
 [[7969, 55767, 12.503137944019079], [7969, 0, 100.0], 'basset_hound_151.jpg'],
 [[9379, 29069, 24.393986683312527],
  [9379, 12, 99.87221808114151],
  'beagle_143.jpg'],
 [[20700, 24882, 45.41266289324734],
  [20700, 1596, 92.84176533907427],
  'chihuahua_11.jpg'],
 [[3839, 7333, 34.36269244539921],
  [3839, 5244, 42.265771220962236],
  'english_cocker_spaniel_177.jpg'],
 [[9765, 17945, 35.23998556477806],
  [9765, 734, 93.00885798647491],
  'english_cocker_spaniel_186.jpg'],
 [[1702, 4272, 28.490123870103783],
  [1702, 6082, 21.865364850976363],
  'german_shorthaired_119.jpg'],
 [[12, 11412, 0.10504201680672269],
  [12, 9913, 0.12090680100755667],
  'havanese_122.jpg'],
 [[3170, 918, 77.5440313111546],
  [3170, 16425, 16.177596325593264],
  'japanese_chin_106.jpg'],
 [[8457, 14756, 36.43217162796709],
  [8457, 8628, 49.49956101843723],
  'keeshond_182.jpg'],
 [[3955, 7559, 34.349487580336984],
  [3955, 4817, 45.086639306885544],
  'newfoundland_129.jpg'],
 [[1891, 6557, 22.38399621212121],
  [1891, 9821, 16.145833333333332],
  'newfoundland_180.jpg'],
 [[0, 6240, 0.0], [0, 14120, 0.0], 'newfoundland_186.jpg'],
 [[1986, 7660, 20.588845117147002],
  [1986, 5571, 26.28026994839222],
  'newfoundland_190.jpg'],
 [[2491, 7629, 24.614624505928855],
  [2491, 9980, 19.974340469890144],
  'pug_15.jpg'],
 [[4889, 27495, 15.096961462450594],
  [4889, 0, 100.0],
  'saint_bernard_178.jpg'],
 [[2135, 18193, 10.502754820936639],
  [2135, 4116, 34.1545352743561],
  'scottish_terrier_12.jpg'],
 [[2118, 8583, 19.792542753013738],
  [2118, 12917, 14.087130029930163],
  'scottish_terrier_183.jpg'],
 [[3910, 3370, 53.70879120879121],
  [3910, 6300, 38.295788442703234],
  'yorkshire_terrier_106.jpg'],
 [[6988, 30117, 18.833041369087724],
  [6988, 5132, 57.65676567656766],
  'german_shorthaired_164.jpg'],
 [[7508, 17776, 29.694668565100457],
  [7508, 5222, 58.978790259230166],
  'scottish_terrier_174.jpg'],
 [[5454, 2323, 70.12987012987013],
  [5454, 4768, 53.355507728428876],
  'american_pit_bull_terrier_121.jpg'],
 [[136, 4349, 3.032329988851728],
  [136, 10544, 1.2734082397003745],
  'Sphynx_197.jpg'],
 [[162, 3646, 4.254201680672269],
  [162, 10994, 1.4521333811401935],
  'Egyptian_Mau_123.jpg'],
 [[2014, 3899, 34.060544562827666],
  [2014, 9413, 17.624923426971208],
  'Maine_Coon_133.jpg'],
 [[4698, 9686, 32.66129032258065],
  [4698, 763, 86.02819996337666],
  'Abyssinian_167.jpg'],
 [[0, 11424, 0.0], [0, 4024, 0.0], 'Abyssinian_119.jpg'],
 [[5614, 1106, 83.54166666666667],
  [5614, 3439, 62.01259251076991],
  'Abyssinian_190.jpg'],
 [[8326, 16754, 33.197767145135565],
  [8326, 7497, 52.619604373380525],
  'Bengal_138.jpg'],
 [[3835, 31134, 10.966856358488947],
  [3835, 2268, 62.8379485498935],
  'Bombay_164.jpg'],
 [[4093, 33527, 10.879851143009038],
  [4093, 2010, 67.06537768310668],
  'Bombay_189.jpg'],
 [[6078, 15117, 28.67657466383581],
  [6078, 8930, 40.49840085287846],
  'pomeranian_147.jpg'],
 [[5565, 8819, 38.688820912124584],
  [5565, 2834, 66.25788784379093],
  'beagle_179.jpg'],
 [[2956, 20144, 12.796536796536797],
  [2956, 2106, 58.39589095219281],
  'Bengal_160.jpg'],
 [[7450, 9647, 43.574896180616484],
  [7450, 7758, 48.98737506575487],
  'Maine_Coon_217.jpg'],
 [[5461, 1807, 75.13758943313154],
  [5461, 8806, 38.2771430574052],
  'pomeranian_190.jpg'],
 [[7416, 28659, 20.557172557172557],
  [7416, 5908, 55.65896127289103],
  'pug_122.jpg'],
 [[5371, 16089, 25.027958993476236], [5371, 0, 100.0], 'pomeranian_136.jpg'],
 [[8896, 7224, 55.18610421836228],
  [8896, 4454, 66.6367041198502],
  'Maine_Coon_191.jpg'],
 [[7059, 8187, 46.30066902794176],
  [7059, 9083, 43.73064056498575],
  'japanese_chin_15.jpg'],
 [[7549, 12417, 37.80927576880697],
  [7549, 10595, 41.6060405643739],
  'Ragdoll_148.jpg'],
 [[4208, 24862, 14.475404196766426], [4208, 0, 100.0], 'chihuahua_14.jpg'],
 [[0, 6930, 0.0], [0, 4302, 0.0], 'miniature_pinscher_101.jpg'],
 [[2282, 5458, 29.483204134366925],
  [2282, 4693, 32.7168458781362],
  'wheaten_terrier_122.jpg'],
 [[11354, 17376, 39.51966585450749],
  [11354, 2345, 82.88196218702095],
  'Abyssinian_112.jpg'],
 [[0, 6248, 0.0], [0, 4074, 0.0], 'american_pit_bull_terrier_151.jpg'],
 [[11735, 13927, 45.72909360143403],
  [11735, 4566, 71.98944850009202],
  'japanese_chin_110.jpg'],
 [[222, 7926, 2.72459499263623],
  [222, 10901, 1.9958644250651802],
  'pomeranian_122.jpg'],
 [[1985, 9715, 16.965811965811966],
  [1985, 14316, 12.177167044966566],
  'pomeranian_175.jpg'],
 [[100, 10404, 0.952018278750952],
  [100, 5911, 1.6636167027116953],
  'great_pyrenees_134.jpg'],
 [[2053, 12059, 14.547902494331066],
  [2053, 8234, 19.957227568776126],
  'keeshond_137.jpg'],
 [[2474, 6470, 27.661001788908766],
  [2474, 8583, 22.374966084833137],
  'leonberger_116.jpg'],
 [[4974, 31314, 13.707010582010582],
  [4974, 871, 85.09837467921301],
  'newfoundland_112.jpg'],
 [[0, 7979, 0.0], [0, 3815, 0.0], 'scottish_terrier_122.jpg'],
 [[1813, 3867, 31.919014084507044],
  [1813, 16037, 10.156862745098039],
  'Bombay_172.jpg'],
 [[1303, 23782, 5.19433924656169],
  [1303, 4440, 22.688490336061292],
  'Bombay_131.jpg']]