###border=300, eps=15, min_samples=5, k=10, value_border=0.1
###所要時間 854.4971306324005 sec
[[[3776, 26785, 12.355616635581297],
  [3776, 527, 87.75273065303277],
  'Abyssinian_169.jpg'],
 [[3439, 20228, 14.530781256602019],
  [3439, 5027, 40.621308764469646],
  'Abyssinian_178.jpg'],
 [[153, 3385, 4.32447710570944],
  [153, 4329, 3.4136546184738954],
  'Bengal_113.jpg'],
 [[0, 4140, 0.0], [0, 6676, 0.0], 'Bengal_132.jpg'],
 [[11269, 39569, 22.166489633738543],
  [11269, 279, 97.5839972289574],
  'Birman_157.jpg'],
 [[0, 5925, 0.0], [0, 3962, 0.0], 'Bombay_166.jpg'],
 [[5210, 17730, 22.711421098517874],
  [5210, 673, 88.56025837157912],
  'British_Shorthair_116.jpg'],
 [[3231, 13310, 19.53328093827459],
  [3231, 2797, 53.59986728599867],
  'Maine_Coon_162.jpg'],
 [[3975, 17183, 18.78721996407978],
  [3975, 3771, 51.316808675445394],
  'Persian_105.jpg'],
 [[0, 3245, 0.0], [0, 3806, 0.0], 'Persian_159.jpg'],
 [[3633, 23528, 13.375796178343949],
  [3633, 4860, 42.776404097492055],
  'Persian_163.jpg'],
 [[3402, 7546, 31.074168797953963],
  [3402, 7727, 30.568784257345673],
  'Persian_171.jpg'],
 [[6974, 35586, 16.38627819548872],
  [6974, 2434, 74.12840136054422],
  'Siamese_17.jpg'],
 [[1733, 8937, 16.241799437675727],
  [1733, 5721, 23.249262141132277],
  'Sphynx_119.jpg'],
 [[2491, 7209, 25.68041237113402],
  [2491, 1570, 61.3395715341049],
  'Sphynx_158.jpg'],
 [[1613, 5783, 21.80908599242834],
  [1613, 4433, 26.678795898114455],
  'Sphynx_164.jpg'],
 [[5630, 25330, 18.184754521963825],
  [5630, 3447, 62.02489809408395],
  'Sphynx_17.jpg'],
 [[4242, 10335, 29.100637991356248],
  [4242, 76, 98.2399258916165],
  'american_bulldog_188.jpg'],
 [[4719, 7158, 39.73225562010609],
  [4719, 5625, 45.62064965197216],
  'american_pit_bull_terrier_181.jpg'],
 [[2845, 5795, 32.92824074074074],
  [2845, 6201, 31.450364802122486],
  'american_pit_bull_terrier_187.jpg'],
 [[8052, 55684, 12.633362620810844], [8052, 0, 100.0], 'basset_hound_151.jpg'],
 [[7286, 31162, 18.950270495214316],
  [7286, 12, 99.83557138942176],
  'beagle_143.jpg'],
 [[8047, 37535, 17.653898468693782],
  [8047, 1518, 84.12963930998431],
  'chihuahua_11.jpg'],
 [[1047, 10125, 9.371643394199785],
  [1047, 4518, 18.81401617250674],
  'english_cocker_spaniel_177.jpg'],
 [[4824, 22886, 17.408877661494046],
  [4824, 549, 89.78224455611391],
  'english_cocker_spaniel_186.jpg'],
 [[92, 5882, 1.5400066956812857],
  [92, 9035, 1.0079982469595705],
  'german_shorthaired_119.jpg'],
 [[0, 11424, 0.0], [0, 2362, 0.0], 'havanese_122.jpg'],
 [[2109, 1979, 51.59001956947162],
  [2109, 7003, 23.145302897278313],
  'japanese_chin_106.jpg'],
 [[4201, 19012, 18.097617714211864],
  [4201, 7477, 35.97362562082549],
  'keeshond_182.jpg'],
 [[431, 11083, 3.74326906374848],
  [431, 5122, 7.76157032234828],
  'newfoundland_129.jpg'],
 [[3000, 5448, 35.51136363636363],
  [3000, 3401, 46.867676925480396],
  'newfoundland_180.jpg'],
 [[108, 6132, 1.7307692307692308],
  [108, 7709, 1.3816041959831138],
  'newfoundland_186.jpg'],
 [[2179, 7467, 22.58967447646693],
  [2179, 2119, 50.69799906933457],
  'newfoundland_190.jpg'],
 [[2782, 7338, 27.490118577075098],
  [2782, 2572, 51.9611505416511],
  'pug_15.jpg'],
 [[1938, 30446, 5.98443675889328],
  [1938, 1978, 49.489274770173644],
  'saint_bernard_178.jpg'],
 [[3676, 16652, 18.083431719795357],
  [3676, 3824, 49.013333333333335],
  'scottish_terrier_12.jpg'],
 [[0, 10701, 0.0], [0, 4471, 0.0], 'scottish_terrier_183.jpg'],
 [[1556, 5724, 21.373626373626372],
  [1556, 1893, 45.1145259495506],
  'yorkshire_terrier_106.jpg'],
 [[4796, 32309, 12.925481741005255],
  [4796, 2700, 63.98078975453575],
  'german_shorthaired_164.jpg'],
 [[1483, 23801, 5.865369403575384],
  [1483, 2645, 35.92538759689923],
  'scottish_terrier_174.jpg'],
 [[1374, 6403, 17.66748103381767],
  [1374, 2896, 32.177985948477755],
  'american_pit_bull_terrier_121.jpg'],
 [[1376, 3109, 30.68004459308807],
  [1376, 9591, 12.546731102398104],
  'Sphynx_197.jpg'],
 [[0, 3808, 0.0], [0, 7233, 0.0], 'Egyptian_Mau_123.jpg'],
 [[1019, 4894, 17.23321495010993],
  [1019, 7247, 12.327607065085894],
  'Maine_Coon_133.jpg'],
 [[4399, 9985, 30.58259176863181],
  [4399, 2508, 63.68901114811061],
  'Abyssinian_167.jpg'],
 [[178, 11246, 1.55812324929972],
  [178, 5894, 2.9314888010540185],
  'Abyssinian_119.jpg'],
 [[3065, 3655, 45.61011904761905],
  [3065, 4368, 41.23503296111933],
  'Abyssinian_190.jpg'],
 [[5788, 19292, 23.078149920255182],
  [5788, 6416, 47.427073090789904],
  'Bengal_138.jpg'],
 [[1831, 33138, 5.236066230089508],
  [1831, 2177, 45.68363273453094],
  'Bombay_164.jpg'],
 [[2018, 35602, 5.364167995746943],
  [2018, 1990, 50.349301397205586],
  'Bombay_189.jpg'],
 [[4567, 16628, 21.54753479594244],
  [4567, 1740, 72.41160615189472],
  'pomeranian_147.jpg'],
 [[3930, 10454, 27.32202447163515],
  [3930, 331, 92.23187045294532],
  'beagle_179.jpg'],
 [[5190, 17910, 22.467532467532468],
  [5190, 3752, 58.04070677700738],
  'Bengal_160.jpg'],
 [[3898, 13199, 22.79932151839504],
  [3898, 1593, 70.98889091240211],
  'Maine_Coon_217.jpg'],
 [[887, 6381, 12.204182718767198],
  [887, 12295, 6.728872705204066],
  'pomeranian_190.jpg'],
 [[8682, 27393, 24.066528066528065],
  [8682, 806, 91.50505902192243],
  'pug_122.jpg'],
 [[3210, 18250, 14.958061509785647], [3210, 0, 100.0], 'pomeranian_136.jpg'],
 [[4234, 11886, 26.265508684863523],
  [4234, 1991, 68.0160642570281],
  'Maine_Coon_191.jpg'],
 [[3172, 12074, 20.805457169093533],
  [3172, 5126, 38.226078573150154],
  'japanese_chin_15.jpg'],
 [[2857, 17109, 14.309325853951718],
  [2857, 6375, 30.946707105719238],
  'Ragdoll_148.jpg'],
 [[4775, 24295, 16.425868593051256],
  [4775, 763, 86.22246298302636],
  'chihuahua_14.jpg'],
 [[1836, 5094, 26.493506493506494],
  [1836, 8044, 18.582995951417004],
  'miniature_pinscher_101.jpg'],
 [[786, 6954, 10.155038759689923],
  [786, 8672, 8.31042503700571],
  'wheaten_terrier_122.jpg'],
 [[4692, 24038, 16.331360946745562],
  [4692, 3681, 56.03726262988176],
  'Abyssinian_112.jpg'],
 [[0, 6248, 0.0], [0, 4907, 0.0], 'american_pit_bull_terrier_151.jpg'],
 [[8880, 16782, 34.603694178162264],
  [8880, 4434, 66.69671022983326],
  'japanese_chin_110.jpg'],
 [[3164, 4984, 38.83161512027491],
  [3164, 7002, 31.123352350973835],
  'pomeranian_122.jpg'],
 [[2296, 9404, 19.623931623931625],
  [2296, 3630, 38.74451569355383],
  'pomeranian_175.jpg'],
 [[1183, 9321, 11.262376237623762],
  [1183, 9458, 11.117376186448642],
  'great_pyrenees_134.jpg'],
 [[1363, 12749, 9.65844671201814],
  [1363, 7321, 15.695532012897282],
  'keeshond_137.jpg'],
 [[5115, 3829, 57.1891771019678],
  [5115, 9852, 34.175185407897374],
  'leonberger_116.jpg'],
 [[7684, 28604, 21.17504409171076],
  [7684, 1483, 83.82240645794698],
  'newfoundland_112.jpg'],
 [[579, 7400, 7.256548439654092],
  [579, 3254, 15.105661361857553],
  'scottish_terrier_122.jpg'],
 [[0, 5680, 0.0], [0, 5076, 0.0], 'Bombay_172.jpg'],
 [[3095, 21990, 12.338050627865258],
  [3095, 3375, 47.83616692426584],
  'Bombay_131.jpg']]