###border=300, eps=15, min_samples=5, k=6, value_border=1 / 6
###所要時間 1325.6372427940369 sec
[[[2600, 27961, 8.507575013906614],
  [2600, 2243, 53.685731984307246],
  'Abyssinian_169.jpg'],
 [[5460, 18207, 23.070097604259097],
  [5460, 2012, 73.0728051391863],
  'Abyssinian_178.jpg'],
 [[0, 3538, 0.0], [0, 6792, 0.0], 'Bengal_113.jpg'],
 [[0, 4140, 0.0], [0, 10215, 0.0], 'Bengal_132.jpg'],
 [[11922, 38916, 23.450961878909478],
  [11922, 76, 99.36656109351559],
  'Birman_157.jpg'],
 [[0, 5925, 0.0], [0, 5675, 0.0], 'Bombay_166.jpg'],
 [[5220, 17720, 22.755013077593723],
  [5220, 1287, 80.22130013831259],
  'British_Shorthair_116.jpg'],
 [[5202, 11339, 31.44912641315519], [5202, 0, 100.0], 'Maine_Coon_162.jpg'],
 [[5995, 15163, 28.334436147083846],
  [5995, 6074, 49.67271522081366],
  'Persian_105.jpg'],
 [[0, 3245, 0.0], [0, 1992, 0.0], 'Persian_159.jpg'],
 [[8348, 18813, 30.735245388608668],
  [8348, 2168, 79.3837961201978],
  'Persian_163.jpg'],
 [[3509, 7439, 32.05151625867738],
  [3509, 3059, 53.42570036540804],
  'Persian_171.jpg'],
 [[14379, 28181, 33.785244360902254],
  [14379, 513, 96.55519742143433],
  'Siamese_17.jpg'],
 [[2658, 8012, 24.91096532333646],
  [2658, 2928, 47.58324382384533],
  'Sphynx_119.jpg'],
 [[4569, 5131, 47.103092783505154],
  [4569, 2962, 60.66923383348825],
  'Sphynx_158.jpg'],
 [[81, 7315, 1.0951865873445106],
  [81, 4660, 1.7085003163889474],
  'Sphynx_164.jpg'],
 [[8652, 22308, 27.94573643410853],
  [8652, 6559, 56.879889553612514],
  'Sphynx_17.jpg'],
 [[3180, 11397, 21.815188310351925],
  [3180, 605, 84.01585204755614],
  'american_bulldog_188.jpg'],
 [[4674, 7203, 39.35337206365244],
  [4674, 5657, 45.24247410705643],
  'american_pit_bull_terrier_181.jpg'],
 [[1890, 6750, 21.875],
  [1890, 5727, 24.812918471839307],
  'american_pit_bull_terrier_187.jpg'],
 [[9744, 53992, 15.288063260951425], [9744, 0, 100.0], 'basset_hound_151.jpg'],
 [[4519, 33929, 11.753537245110278],
  [4519, 12, 99.73515780180975],
  'beagle_143.jpg'],
 [[16378, 29204, 35.93084989688912],
  [16378, 873, 94.93942380151876],
  'chihuahua_11.jpg'],
 [[3371, 7801, 30.173648406731115],
  [3371, 2503, 57.38849165815458],
  'english_cocker_spaniel_177.jpg'],
 [[5824, 21886, 21.017683146878383],
  [5824, 734, 88.80756328148826],
  'english_cocker_spaniel_186.jpg'],
 [[1702, 4272, 28.490123870103783],
  [1702, 6082, 21.865364850976363],
  'german_shorthaired_119.jpg'],
 [[0, 11424, 0.0], [0, 4250, 0.0], 'havanese_122.jpg'],
 [[3170, 918, 77.5440313111546],
  [3170, 11115, 22.191109555477773],
  'japanese_chin_106.jpg'],
 [[5508, 17705, 23.72808340154224],
  [5508, 12016, 31.431180095868523],
  'keeshond_182.jpg'],
 [[431, 11083, 3.74326906374848],
  [431, 5772, 6.948250846364663],
  'newfoundland_129.jpg'],
 [[3660, 4788, 43.32386363636363],
  [3660, 1014, 78.30551989730424],
  'newfoundland_180.jpg'],
 [[0, 6240, 0.0], [0, 12843, 0.0], 'newfoundland_186.jpg'],
 [[5792, 3854, 60.045614762595896],
  [5792, 3517, 62.219357610914166],
  'newfoundland_190.jpg'],
 [[2690, 7430, 26.58102766798419],
  [2690, 3875, 40.974866717440975],
  'pug_15.jpg'],
 [[4886, 27498, 15.087697628458498],
  [4886, 2227, 68.69112891888092],
  'saint_bernard_178.jpg'],
 [[4289, 16039, 21.098976780794963],
  [4289, 7999, 34.903971354166664],
  'scottish_terrier_12.jpg'],
 [[3246, 7455, 30.333613680964397],
  [3246, 4601, 41.36612718236269],
  'scottish_terrier_183.jpg'],
 [[3950, 3330, 54.25824175824176],
  [3950, 12961, 23.357577907870617],
  'yorkshire_terrier_106.jpg'],
 [[5305, 31800, 14.297264519606522],
  [5305, 4686, 53.09778800920829],
  'german_shorthaired_164.jpg'],
 [[5190, 20094, 20.526815377313717],
  [5190, 7272, 41.64660568127106],
  'scottish_terrier_174.jpg'],
 [[4040, 3737, 51.94805194805195],
  [4040, 6816, 37.214443625644805],
  'american_pit_bull_terrier_121.jpg'],
 [[0, 4485, 0.0], [0, 4999, 0.0], 'Sphynx_197.jpg'],
 [[0, 3808, 0.0], [0, 11679, 0.0], 'Egyptian_Mau_123.jpg'],
 [[2014, 3899, 34.060544562827666],
  [2014, 1771, 53.21003963011889],
  'Maine_Coon_133.jpg'],
 [[4272, 10112, 29.699666295884317], [4272, 0, 100.0], 'Abyssinian_167.jpg'],
 [[4121, 7303, 36.07317927170868],
  [4121, 5383, 43.360690235690235],
  'Abyssinian_119.jpg'],
 [[3374, 3346, 50.208333333333336],
  [3374, 10586, 24.169054441260744],
  'Abyssinian_190.jpg'],
 [[5119, 19961, 20.41068580542265],
  [5119, 4771, 51.75935288169869],
  'Bengal_138.jpg'],
 [[3835, 31134, 10.966856358488947],
  [3835, 2268, 62.8379485498935],
  'Bombay_164.jpg'],
 [[4093, 33527, 10.879851143009038],
  [4093, 2010, 67.06537768310668],
  'Bombay_189.jpg'],
 [[6217, 14978, 29.33238971455532],
  [6217, 9480, 39.60629419634325],
  'pomeranian_147.jpg'],
 [[4263, 10121, 29.637096774193548],
  [4263, 162, 96.33898305084746],
  'beagle_179.jpg'],
 [[4352, 18748, 18.83982683982684],
  [4352, 3951, 52.4147898349994],
  'Bengal_160.jpg'],
 [[6792, 10305, 39.72626776627479],
  [6792, 4659, 59.31359706575845],
  'Maine_Coon_217.jpg'],
 [[4215, 3053, 57.993946064942214],
  [4215, 8653, 32.75567298725521],
  'pomeranian_190.jpg'],
 [[4591, 31484, 12.726264726264727],
  [4591, 5908, 43.72797409277074],
  'pug_122.jpg'],
 [[5371, 16089, 25.027958993476236], [5371, 0, 100.0], 'pomeranian_136.jpg'],
 [[5489, 10631, 34.05086848635236],
  [5489, 2570, 68.11018736815983],
  'Maine_Coon_191.jpg'],
 [[6809, 8437, 44.66089466089466],
  [6809, 9361, 42.10884353741496],
  'japanese_chin_15.jpg'],
 [[8542, 11424, 42.78273064209156],
  [8542, 5896, 59.16331901925474],
  'Ragdoll_148.jpg'],
 [[5203, 23867, 17.898176814585483],
  [5203, 679, 88.4563073784427],
  'chihuahua_14.jpg'],
 [[0, 6930, 0.0], [0, 12579, 0.0], 'miniature_pinscher_101.jpg'],
 [[1194, 6546, 15.426356589147288],
  [1194, 10716, 10.025188916876575],
  'wheaten_terrier_122.jpg'],
 [[3488, 25242, 12.140619561434042],
  [3488, 868, 80.0734618916437],
  'Abyssinian_112.jpg'],
 [[0, 6248, 0.0], [0, 4129, 0.0], 'american_pit_bull_terrier_151.jpg'],
 [[8393, 17269, 32.70594653573377],
  [8393, 2917, 74.20866489832007],
  'japanese_chin_110.jpg'],
 [[4523, 3625, 55.51055473735886],
  [4523, 7785, 36.748456288592784],
  'pomeranian_122.jpg'],
 [[1985, 9715, 16.965811965811966],
  [1985, 11759, 14.442665890570431],
  'pomeranian_175.jpg'],
 [[38, 10466, 0.3617669459253618],
  [38, 5137, 0.7342995169082126],
  'great_pyrenees_134.jpg'],
 [[795, 13317, 5.633503401360544], [795, 4505, 15.0], 'keeshond_137.jpg'],
 [[0, 8944, 0.0], [0, 8416, 0.0], 'leonberger_116.jpg'],
 [[6780, 29508, 18.683862433862434],
  [6780, 1813, 78.90143139764925],
  'newfoundland_112.jpg'],
 [[2499, 5480, 31.319714249906003],
  [2499, 4070, 38.042319987821585],
  'scottish_terrier_122.jpg'],
 [[1813, 3867, 31.919014084507044],
  [1813, 5936, 23.396567299006325],
  'Bombay_172.jpg'],
 [[4365, 20720, 17.400837153677497],
  [4365, 2798, 60.93815440457909],
  'Bombay_131.jpg']]