###border=300, eps=15, min_samples=5, k=14, value_border=1 / 14
###所要時間 752.2547175884247 sec
[[[2103, 28458, 6.881319328556002],
  [2103, 1400, 60.034256351698545],
  'Abyssinian_169.jpg'],
 [[1642, 22025, 6.937930451683779],
  [1642, 1802, 47.67711962833914],
  'Abyssinian_178.jpg'],
 [[153, 3385, 4.32447710570944],
  [153, 5279, 2.8166421207658323],
  'Bengal_113.jpg'],
 [[0, 4140, 0.0], [0, 6575, 0.0], 'Bengal_132.jpg'],
 [[10531, 40307, 20.714819623116565],
  [10531, 272, 97.48218087568269],
  'Birman_157.jpg'],
 [[0, 5925, 0.0], [0, 4258, 0.0], 'Bombay_166.jpg'],
 [[2060, 20880, 8.979947689625108],
  [2060, 816, 71.62726008344923],
  'British_Shorthair_116.jpg'],
 [[1843, 14698, 11.142010761138987],
  [1843, 1400, 56.83009559050262],
  'Maine_Coon_162.jpg'],
 [[2836, 18322, 13.403913413366103],
  [2836, 4123, 40.75298175025147],
  'Persian_105.jpg'],
 [[0, 3245, 0.0], [0, 3567, 0.0], 'Persian_159.jpg'],
 [[3717, 23444, 13.685063142005081],
  [3717, 5058, 42.35897435897436],
  'Persian_163.jpg'],
 [[2143, 8805, 19.574351479722324],
  [2143, 3938, 35.240914323302086],
  'Persian_171.jpg'],
 [[5178, 37382, 12.166353383458647],
  [5178, 1227, 80.84309133489461],
  'Siamese_17.jpg'],
 [[1275, 9395, 11.949390815370197],
  [1275, 3808, 25.08361204013378],
  'Sphynx_119.jpg'],
 [[1453, 8247, 14.97938144329897],
  [1453, 1614, 47.37528529507662],
  'Sphynx_158.jpg'],
 [[81, 7315, 1.0951865873445106],
  [81, 5231, 1.5248493975903614],
  'Sphynx_164.jpg'],
 [[4253, 26707, 13.737080103359173],
  [4253, 1985, 68.17890349470984],
  'Sphynx_17.jpg'],
 [[5003, 9574, 34.32119091719833],
  [5003, 883, 84.99830105334692],
  'american_bulldog_188.jpg'],
 [[1396, 10481, 11.753809884651005],
  [1396, 3684, 27.480314960629922],
  'american_pit_bull_terrier_181.jpg'],
 [[1534, 7106, 17.75462962962963],
  [1534, 3849, 28.49712056474085],
  'american_pit_bull_terrier_187.jpg'],
 [[3322, 60414, 5.21212501568972], [3322, 0, 100.0], 'basset_hound_151.jpg'],
 [[6860, 31588, 17.842280482729922],
  [6860, 12, 99.82537834691502],
  'beagle_143.jpg'],
 [[4684, 40898, 10.275986134877803],
  [4684, 801, 85.39653600729261],
  'chihuahua_11.jpg'],
 [[1380, 9792, 12.352309344790548],
  [1380, 2350, 36.997319034852545],
  'english_cocker_spaniel_177.jpg'],
 [[4876, 22834, 17.59653554673403],
  [4876, 461, 91.36218849540941],
  'english_cocker_spaniel_186.jpg'],
 [[157, 5817, 2.628054904586542],
  [157, 4988, 3.0515063168124392],
  'german_shorthaired_119.jpg'],
 [[0, 11424, 0.0], [0, 2821, 0.0], 'havanese_122.jpg'],
 [[772, 3316, 18.88454011741683],
  [772, 5857, 11.645798763011012],
  'japanese_chin_106.jpg'],
 [[1949, 21264, 8.396157325636496],
  [1949, 1956, 49.91037131882202],
  'keeshond_182.jpg'],
 [[1189, 10325, 10.326558971686643],
  [1189, 2812, 29.71757060734816],
  'newfoundland_129.jpg'],
 [[3255, 5193, 38.52982954545455],
  [3255, 3562, 47.74827636790377],
  'newfoundland_180.jpg'],
 [[0, 6240, 0.0], [0, 5502, 0.0], 'newfoundland_186.jpg'],
 [[4142, 5504, 42.94007878913539],
  [4142, 2581, 61.60940056522386],
  'newfoundland_190.jpg'],
 [[1833, 8287, 18.112648221343875],
  [1833, 5334, 25.575554625366262],
  'pug_15.jpg'],
 [[4111, 28273, 12.694540513833992],
  [4111, 1007, 80.32434544744041],
  'saint_bernard_178.jpg'],
 [[2113, 18215, 10.394529712711531],
  [2113, 3667, 36.55709342560554],
  'scottish_terrier_12.jpg'],
 [[0, 10701, 0.0], [0, 5391, 0.0], 'scottish_terrier_183.jpg'],
 [[1816, 5464, 24.945054945054945],
  [1816, 4720, 27.784577723378213],
  'yorkshire_terrier_106.jpg'],
 [[2364, 34741, 6.371109014957553],
  [2364, 3515, 40.21092022452798],
  'german_shorthaired_164.jpg'],
 [[1364, 23920, 5.394716025945262],
  [1364, 2388, 36.353944562899784],
  'scottish_terrier_174.jpg'],
 [[1819, 5958, 23.38948180532339],
  [1819, 2947, 38.166177087704575],
  'american_pit_bull_terrier_121.jpg'],
 [[1058, 3427, 23.58974358974359],
  [1058, 5642, 15.791044776119403],
  'Sphynx_197.jpg'],
 [[0, 3808, 0.0], [0, 6056, 0.0], 'Egyptian_Mau_123.jpg'],
 [[1432, 4481, 24.21782513106714],
  [1432, 5030, 22.16032188177035],
  'Maine_Coon_133.jpg'],
 [[1510, 12874, 10.49777530589544],
  [1510, 3603, 29.532564052415413],
  'Abyssinian_167.jpg'],
 [[564, 10860, 4.936974789915967],
  [564, 2915, 16.211555044553034],
  'Abyssinian_119.jpg'],
 [[1446, 5274, 21.517857142857142],
  [1446, 2790, 34.13597733711048],
  'Abyssinian_190.jpg'],
 [[3873, 21207, 15.442583732057416],
  [3873, 4414, 46.735851333413784],
  'Bengal_138.jpg'],
 [[3760, 31209, 10.752380680030884],
  [3760, 1413, 72.68509568915523],
  'Bombay_164.jpg'],
 [[3909, 33711, 10.390749601275918],
  [3909, 1264, 75.5654359172627],
  'Bombay_189.jpg'],
 [[3331, 17864, 15.715970747817881],
  [3331, 2107, 61.254137550570064],
  'pomeranian_147.jpg'],
 [[3697, 10687, 25.702169076751947],
  [3697, 2038, 64.46381865736704],
  'beagle_179.jpg'],
 [[3433, 19667, 14.86147186147186],
  [3433, 1629, 67.81904385618333],
  'Bengal_160.jpg'],
 [[3746, 13351, 21.9102766567234],
  [3746, 1605, 70.00560642870491],
  'Maine_Coon_217.jpg'],
 [[16, 7252, 0.2201430930104568],
  [16, 7100, 0.22484541877459246],
  'pomeranian_190.jpg'],
 [[4893, 31182, 13.563409563409563],
  [4893, 1984, 71.15021084775339],
  'pug_122.jpg'],
 [[834, 20626, 3.886300093196645], [834, 0, 100.0], 'pomeranian_136.jpg'],
 [[4651, 11469, 28.852357320099255],
  [4651, 3895, 54.42312192838755],
  'Maine_Coon_191.jpg'],
 [[3956, 11290, 25.94778958415322],
  [3956, 3886, 50.44631471563377],
  'japanese_chin_15.jpg'],
 [[3525, 16441, 17.65501352298908],
  [3525, 3370, 51.12400290065265],
  'Ragdoll_148.jpg'],
 [[4941, 24129, 16.9969040247678],
  [4941, 637, 88.58013624955181],
  'chihuahua_14.jpg'],
 [[2069, 4861, 29.855699855699857],
  [2069, 7442, 21.753758805593524],
  'miniature_pinscher_101.jpg'],
 [[705, 7035, 9.108527131782946],
  [705, 6776, 9.423873813661276],
  'wheaten_terrier_122.jpg'],
 [[4936, 23794, 17.18064740689175],
  [4936, 3129, 61.20272783632982],
  'Abyssinian_112.jpg'],
 [[0, 6248, 0.0], [0, 3498, 0.0], 'american_pit_bull_terrier_151.jpg'],
 [[5965, 19697, 23.244486010443456],
  [5965, 1677, 78.05548285789061],
  'japanese_chin_110.jpg'],
 [[2151, 5997, 26.399116347569954],
  [2151, 4260, 33.55170800187178],
  'pomeranian_122.jpg'],
 [[672, 11028, 5.743589743589744],
  [672, 8385, 7.419675389201722],
  'pomeranian_175.jpg'],
 [[0, 10504, 0.0], [0, 2141, 0.0], 'great_pyrenees_134.jpg'],
 [[1453, 12659, 10.296201814058957],
  [1453, 6214, 18.9513499413069],
  'keeshond_137.jpg'],
 [[4169, 4775, 46.61225402504472],
  [4169, 4072, 50.58852081058124],
  'leonberger_116.jpg'],
 [[5387, 30901, 14.8451278659612],
  [5387, 1095, 83.10706572045665],
  'newfoundland_112.jpg'],
 [[579, 7400, 7.256548439654092],
  [579, 3136, 15.585464333781966],
  'scottish_terrier_122.jpg'],
 [[1137, 4543, 20.017605633802816],
  [1137, 5377, 17.454712926005527],
  'Bombay_172.jpg'],
 [[3303, 21782, 13.167231413195136],
  [3303, 3437, 49.00593471810089],
  'Bombay_131.jpg']]