### border=300, eps=15, min_samples=5, k=15, value_border=1 / 15
### 所要時間 721.506548166275 sec
[[[2241, 28320, 7.3328752331402764],
  [2241, 1094, 67.19640179910046],
  'Abyssinian_169.jpg'],
 [[2239, 21428, 9.460430134786835],
  [2239, 1848, 54.783459750428186],
  'Abyssinian_178.jpg'],
 [[153, 3385, 4.32447710570944],
  [153, 4543, 3.25809199318569],
  'Bengal_113.jpg'],
 [[0, 4140, 0.0], [0, 4933, 0.0], 'Bengal_132.jpg'],
 [[10662, 40176, 20.972500885164642],
  [10662, 272, 97.51234680812145],
  'Birman_157.jpg'],
 [[776, 5149, 13.09704641350211],
  [776, 4108, 15.888615888615888],
  'Bombay_166.jpg'],
 [[2735, 20205, 11.922406277244987],
  [2735, 816, 77.02055758941144],
  'British_Shorthair_116.jpg'],
 [[2445, 14096, 14.781452149205005],
  [2445, 2412, 50.3397158739963],
  'Maine_Coon_162.jpg'],
 [[2822, 18336, 13.337744588335381],
  [2822, 3841, 42.35329431187153],
  'Persian_105.jpg'],
 [[0, 3245, 0.0], [0, 6171, 0.0], 'Persian_159.jpg'],
 [[4091, 23070, 15.062037480210597],
  [4091, 3129, 56.662049861495845],
  'Persian_163.jpg'],
 [[336, 10612, 3.0690537084398977],
  [336, 3720, 8.284023668639053],
  'Persian_171.jpg'],
 [[4831, 37729, 11.351033834586467],
  [4831, 1495, 76.36737274739171],
  'Siamese_17.jpg'],
 [[1743, 8927, 16.33552014995314],
  [1743, 3386, 33.98323259894716],
  'Sphynx_119.jpg'],
 [[2012, 7688, 20.742268041237114],
  [2012, 1061, 65.47347868532378],
  'Sphynx_158.jpg'],
 [[686, 6710, 9.275283937263385],
  [686, 5919, 10.386071158213475],
  'Sphynx_164.jpg'],
 [[4330, 26630, 13.98578811369509],
  [4330, 2038, 67.9962311557789],
  'Sphynx_17.jpg'],
 [[3413, 11164, 23.413596762022365],
  [3413, 1222, 73.6353829557713],
  'american_bulldog_188.jpg'],
 [[2129, 9748, 17.92540203755157],
  [2129, 3494, 37.86235105815401],
  'american_pit_bull_terrier_181.jpg'],
 [[159, 8481, 1.8402777777777777],
  [159, 4584, 3.3523086654016447],
  'american_pit_bull_terrier_187.jpg'],
 [[4364, 59372, 6.8469938496297225], [4364, 0, 100.0], 'basset_hound_151.jpg'],
 [[7956, 30492, 20.692883895131086],
  [7956, 453, 94.61291473421335],
  'beagle_143.jpg'],
 [[6649, 38933, 14.586898337062875],
  [6649, 1109, 85.70507862851251],
  'chihuahua_11.jpg'],
 [[1709, 9463, 15.297171500179019],
  [1709, 3210, 34.74283390933117],
  'english_cocker_spaniel_177.jpg'],
 [[5355, 22355, 19.32515337423313],
  [5355, 1583, 77.18362640530412],
  'english_cocker_spaniel_186.jpg'],
 [[154, 5820, 2.5778372949447608],
  [154, 4290, 3.4653465346534653],
  'german_shorthaired_119.jpg'],
 [[942, 10482, 8.245798319327731],
  [942, 3365, 21.871372184815417],
  'havanese_122.jpg'],
 [[772, 3316, 18.88454011741683],
  [772, 4027, 16.08668472598458],
  'japanese_chin_106.jpg'],
 [[3294, 19919, 14.19032438719683],
  [3294, 2712, 54.845154845154845],
  'keeshond_182.jpg'],
 [[1220, 10294, 10.595796421747439],
  [1220, 3720, 24.696356275303643],
  'newfoundland_129.jpg'],
 [[2951, 5497, 34.931344696969695],
  [2951, 443, 86.94755450795522],
  'newfoundland_180.jpg'],
 [[0, 6240, 0.0], [0, 2995, 0.0], 'newfoundland_186.jpg'],
 [[3556, 6090, 36.86502177068215],
  [3556, 3109, 53.35333833458365],
  'newfoundland_190.jpg'],
 [[2100, 8020, 20.75098814229249],
  [2100, 4425, 32.18390804597701],
  'pug_15.jpg'],
 [[1654, 30730, 5.107460474308301],
  [1654, 1765, 48.376718338695525],
  'saint_bernard_178.jpg'],
 [[2481, 17847, 12.204840613931523],
  [2481, 4133, 37.51133958270336],
  'scottish_terrier_12.jpg'],
 [[0, 10701, 0.0], [0, 3930, 0.0], 'scottish_terrier_183.jpg'],
 [[1007, 6273, 13.832417582417582],
  [1007, 5466, 15.556928781090685],
  'yorkshire_terrier_106.jpg'],
 [[5110, 31995, 13.77172887750977],
  [5110, 2790, 64.68354430379746],
  'german_shorthaired_164.jpg'],
 [[1469, 23815, 5.80999841797184],
  [1469, 1379, 51.58005617977528],
  'scottish_terrier_174.jpg'],
 [[1129, 6648, 14.517166002314518],
  [1129, 3516, 24.305705059203444],
  'american_pit_bull_terrier_121.jpg'],
 [[1136, 3349, 25.328874024526197],
  [1136, 5808, 16.359447004608295],
  'Sphynx_197.jpg'],
 [[0, 3808, 0.0], [0, 7286, 0.0], 'Egyptian_Mau_123.jpg'],
 [[2032, 3881, 34.36495856587181],
  [2032, 4287, 32.15698686501029],
  'Maine_Coon_133.jpg'],
 [[2145, 12239, 14.912402669632925],
  [2145, 3239, 39.84026745913819],
  'Abyssinian_167.jpg'],
 [[503, 10921, 4.403011204481793],
  [503, 2728, 15.56793562364593],
  'Abyssinian_119.jpg'],
 [[1360, 5360, 20.238095238095237],
  [1360, 4822, 21.99935296020705],
  'Abyssinian_190.jpg'],
 [[5502, 19578, 21.9377990430622],
  [5502, 4642, 54.238958990536275],
  'Bengal_138.jpg'],
 [[4050, 30919, 11.581686636735395],
  [4050, 1952, 67.47750749750084],
  'Bombay_164.jpg'],
 [[4454, 33166, 11.839447102604998],
  [4454, 1548, 74.20859713428857],
  'Bombay_189.jpg'],
 [[4899, 16296, 23.113941967445154],
  [4899, 1674, 74.53217708808764],
  'pomeranian_147.jpg'],
 [[3695, 10689, 25.68826473859844],
  [3695, 1636, 69.31157381354342],
  'beagle_179.jpg'],
 [[4047, 19053, 17.51948051948052],
  [4047, 383, 91.35440180586907],
  'Bengal_160.jpg'],
 [[4276, 12821, 25.01023571386793],
  [4276, 4032, 51.46846413095811],
  'Maine_Coon_217.jpg'],
 [[102, 7166, 1.4034122179416622],
  [102, 8289, 1.2155881301394351],
  'pomeranian_190.jpg'],
 [[3307, 32768, 9.167013167013167],
  [3307, 2322, 58.74933380707053],
  'pug_122.jpg'],
 [[1732, 19728, 8.070829450139795], [1732, 0, 100.0], 'pomeranian_136.jpg'],
 [[3360, 12760, 20.843672456575682],
  [3360, 5149, 39.48760136326243],
  'Maine_Coon_191.jpg'],
 [[3879, 11367, 25.442739079102715],
  [3879, 3132, 55.32734274711168],
  'japanese_chin_15.jpg'],
 [[4712, 15254, 23.60012020434739],
  [4712, 5053, 48.25396825396825],
  'Ragdoll_148.jpg'],
 [[3873, 25197, 13.323013415892673],
  [3873, 1408, 73.33838288202992],
  'chihuahua_14.jpg'],
 [[1842, 5088, 26.58008658008658],
  [1842, 5865, 23.900350330868044],
  'miniature_pinscher_101.jpg'],
 [[705, 7035, 9.108527131782946],
  [705, 5731, 10.954008701056557],
  'wheaten_terrier_122.jpg'],
 [[6767, 21963, 23.55377654020188],
  [6767, 2949, 69.64800329353643],
  'Abyssinian_112.jpg'],
 [[0, 6248, 0.0], [0, 2629, 0.0], 'american_pit_bull_terrier_151.jpg'],
 [[5920, 19742, 23.069129452108175],
  [5920, 2263, 72.34510570695345],
  'japanese_chin_110.jpg'],
 [[2075, 6073, 25.46637211585665],
  [2075, 2927, 41.48340663734506],
  'pomeranian_122.jpg'],
 [[819, 10881, 7.0], [819, 6940, 10.555483954117799], 'pomeranian_175.jpg'],
 [[0, 10504, 0.0], [0, 2282, 0.0], 'great_pyrenees_134.jpg'],
 [[1060, 13052, 7.511337868480726],
  [1060, 8125, 11.540555253130103],
  'keeshond_137.jpg'],
 [[2629, 6315, 29.394007155635062],
  [2629, 6187, 29.820780399274046],
  'leonberger_116.jpg'],
 [[4467, 31821, 12.309854497354497],
  [4467, 1327, 77.09699689333793],
  'newfoundland_112.jpg'],
 [[640, 7339, 8.02105527008397],
  [640, 3556, 15.252621544327932],
  'scottish_terrier_122.jpg'],
 [[1189, 4491, 20.933098591549296],
  [1189, 5290, 18.351597468745176],
  'Bombay_172.jpg'],
 [[2334, 22751, 9.304365158461232],
  [2334, 2842, 45.09273570324575],
  'Bombay_131.jpg']]