###border=300, eps=15, min_samples=5, k=9, value_border=1 / 9
###所要時間 967.449337720871 sec
[[[3674, 26887, 12.021857923497267],
  [3674, 2883, 56.03172182400488],
  'Abyssinian_169.jpg'],
 [[3124, 20543, 13.199814087125533],
  [3124, 3968, 44.049633389734915],
  'Abyssinian_178.jpg'],
 [[0, 3538, 0.0], [0, 4531, 0.0], 'Bengal_113.jpg'],
 [[0, 4140, 0.0], [0, 6587, 0.0], 'Bengal_132.jpg'],
 [[10444, 40394, 20.54368779259609],
  [10444, 313, 97.09026680301199],
  'Birman_157.jpg'],
 [[0, 5925, 0.0], [0, 4339, 0.0], 'Bombay_166.jpg'],
 [[5133, 17807, 22.375762859633827],
  [5133, 673, 88.40854288666897],
  'British_Shorthair_116.jpg'],
 [[1176, 15365, 7.109606432501058],
  [1176, 5078, 18.80396546210425],
  'Maine_Coon_162.jpg'],
 [[4317, 16841, 20.4036298326874],
  [4317, 4860, 47.04151683556718],
  'Persian_105.jpg'],
 [[0, 3245, 0.0], [0, 1942, 0.0], 'Persian_159.jpg'],
 [[4226, 22935, 15.559073671808843],
  [4226, 4432, 48.81034881034881],
  'Persian_163.jpg'],
 [[1880, 9068, 17.172086225794665],
  [1880, 7359, 20.348522567377422],
  'Persian_171.jpg'],
 [[6797, 35763, 15.970394736842104],
  [6797, 2053, 76.80225988700565],
  'Siamese_17.jpg'],
 [[2088, 8582, 19.568884723523897],
  [2088, 2503, 45.480287519059026],
  'Sphynx_119.jpg'],
 [[3374, 6326, 34.78350515463917],
  [3374, 683, 83.16490017254128],
  'Sphynx_158.jpg'],
 [[81, 7315, 1.0951865873445106],
  [81, 3651, 2.170418006430868],
  'Sphynx_164.jpg'],
 [[3216, 27744, 10.387596899224807],
  [3216, 1627, 66.40512079289697],
  'Sphynx_17.jpg'],
 [[5243, 9334, 35.96762022363998],
  [5243, 421, 92.56709039548022],
  'american_bulldog_188.jpg'],
 [[2075, 9802, 17.47074176980719],
  [2075, 2631, 44.092647683807904],
  'american_pit_bull_terrier_181.jpg'],
 [[485, 8155, 5.613425925925926],
  [485, 6737, 6.715591248961506],
  'american_pit_bull_terrier_187.jpg'],
 [[5428, 58308, 8.516380067779592], [5428, 0, 100.0], 'basset_hound_151.jpg'],
 [[7882, 30566, 20.500416146483563],
  [7882, 13, 99.83533882203926],
  'beagle_143.jpg'],
 [[6998, 38584, 15.352551445746128],
  [6998, 1475, 82.5917620677446],
  'chihuahua_11.jpg'],
 [[990, 10182, 8.861439312567132],
  [990, 3579, 21.667760998030204],
  'english_cocker_spaniel_177.jpg'],
 [[5990, 21720, 21.616744857452183],
  [5990, 549, 91.60422082887291],
  'english_cocker_spaniel_186.jpg'],
 [[73, 5901, 1.2219618346166723],
  [73, 8573, 0.8443210733287069],
  'german_shorthaired_119.jpg'],
 [[0, 11424, 0.0], [0, 2652, 0.0], 'havanese_122.jpg'],
 [[2109, 1979, 51.59001956947162],
  [2109, 5180, 28.934010152284262],
  'japanese_chin_106.jpg'],
 [[4666, 18547, 20.100805583078447],
  [4666, 5923, 44.06459533478138],
  'keeshond_182.jpg'],
 [[431, 11083, 3.74326906374848],
  [431, 5693, 7.0378837361201825],
  'newfoundland_129.jpg'],
 [[4074, 4374, 48.22443181818182],
  [4074, 5560, 42.287730952875236],
  'newfoundland_180.jpg'],
 [[108, 6132, 1.7307692307692308],
  [108, 8392, 1.2705882352941176],
  'newfoundland_186.jpg'],
 [[4141, 5505, 42.92971179763632],
  [4141, 4813, 46.24748715657807],
  'newfoundland_190.jpg'],
 [[4036, 6084, 39.88142292490119],
  [4036, 722, 84.8255569567045],
  'pug_15.jpg'],
 [[5557, 26827, 17.159708498023715],
  [5557, 1127, 83.13883901855176],
  'saint_bernard_178.jpg'],
 [[3044, 17284, 14.974419519874065],
  [3044, 4277, 41.57901925966398],
  'scottish_terrier_12.jpg'],
 [[1929, 8772, 18.026352677319878],
  [1929, 6680, 22.406783598559645],
  'scottish_terrier_183.jpg'],
 [[1556, 5724, 21.373626373626372],
  [1556, 1893, 45.1145259495506],
  'yorkshire_terrier_106.jpg'],
 [[5555, 31550, 14.971028163320307],
  [5555, 4138, 57.309398535025274],
  'german_shorthaired_164.jpg'],
 [[1656, 23628, 6.5495965828191745],
  [1656, 3448, 32.44514106583072],
  'scottish_terrier_174.jpg'],
 [[1411, 6366, 18.143242895718142],
  [1411, 5410, 20.686116405219177],
  'american_pit_bull_terrier_121.jpg'],
 [[0, 4485, 0.0], [0, 2613, 0.0], 'Sphynx_197.jpg'],
 [[4, 3804, 0.10504201680672269],
  [4, 7944, 0.050327126321087066],
  'Egyptian_Mau_123.jpg'],
 [[963, 4950, 16.28614916286149],
  [963, 842, 53.35180055401662],
  'Maine_Coon_133.jpg'],
 [[3823, 10561, 26.57814238042269],
  [3823, 1922, 66.54482158398608],
  'Abyssinian_167.jpg'],
 [[922, 10502, 8.070728291316527],
  [922, 7251, 11.281047351033893],
  'Abyssinian_119.jpg'],
 [[2574, 4146, 38.30357142857143],
  [2574, 2099, 55.08238818745988],
  'Abyssinian_190.jpg'],
 [[4751, 20329, 18.943381180223284],
  [4751, 7655, 38.295985813316136],
  'Bengal_138.jpg'],
 [[1710, 33259, 4.890045468843833],
  [1710, 1509, 53.12208760484623],
  'Bombay_164.jpg'],
 [[1841, 35779, 4.893673577884104],
  [1841, 1378, 57.19167443305374],
  'Bombay_189.jpg'],
 [[5745, 15450, 27.105449398443028],
  [5745, 3311, 63.438604240282686],
  'pomeranian_147.jpg'],
 [[4294, 10090, 29.852614015572858],
  [4294, 474, 90.05872483221476],
  'beagle_179.jpg'],
 [[7976, 15124, 34.52813852813853],
  [7976, 2145, 78.80644205118071],
  'Bengal_160.jpg'],
 [[5687, 11410, 33.2631455810961],
  [5687, 3028, 65.25530694205393],
  'Maine_Coon_217.jpg'],
 [[0, 7268, 0.0], [0, 10514, 0.0], 'pomeranian_190.jpg'],
 [[5757, 30318, 15.958419958419958],
  [5757, 2341, 71.09162756236108],
  'pug_122.jpg'],
 [[2482, 18978, 11.565703634669152], [2482, 0, 100.0], 'pomeranian_136.jpg'],
 [[6533, 9587, 40.5272952853598],
  [6533, 2694, 70.80307792348542],
  'Maine_Coon_191.jpg'],
 [[3061, 12185, 20.077397350124624],
  [3061, 5373, 36.29357363054304],
  'japanese_chin_15.jpg'],
 [[7439, 12527, 37.258339176600224],
  [7439, 4841, 60.57817589576547],
  'Ragdoll_148.jpg'],
 [[4856, 24214, 16.70450636394909],
  [4856, 2498, 66.03209137884144],
  'chihuahua_14.jpg'],
 [[2455, 4475, 35.42568542568542],
  [2455, 10014, 19.68882829416954],
  'miniature_pinscher_101.jpg'],
 [[1187, 6553, 15.335917312661499],
  [1187, 8751, 11.944053129402294],
  'wheaten_terrier_122.jpg'],
 [[8034, 20696, 27.963800904977376],
  [8034, 1997, 80.0917156813877],
  'Abyssinian_112.jpg'],
 [[0, 6248, 0.0], [0, 4499, 0.0], 'american_pit_bull_terrier_151.jpg'],
 [[7141, 18521, 27.827137401605487],
  [7141, 2878, 71.27457830122766],
  'japanese_chin_110.jpg'],
 [[3164, 4984, 38.83161512027491],
  [3164, 5890, 34.94588027391208],
  'pomeranian_122.jpg'],
 [[2296, 9404, 19.623931623931625],
  [2296, 6509, 26.07609312890403],
  'pomeranian_175.jpg'],
 [[93, 10411, 0.8853769992383854],
  [93, 6186, 1.4811275680840899],
  'great_pyrenees_134.jpg'],
 [[35, 14077, 0.24801587301587302],
  [35, 11811, 0.2954583825763971],
  'keeshond_137.jpg'],
 [[5115, 3829, 57.1891771019678],
  [5115, 6747, 43.12089023773394],
  'leonberger_116.jpg'],
 [[6344, 29944, 17.48236331569665],
  [6344, 1724, 78.63163113534952],
  'newfoundland_112.jpg'],
 [[851, 7128, 10.66549692943978],
  [851, 4636, 15.509385821031529],
  'scottish_terrier_122.jpg'],
 [[102, 5578, 1.795774647887324],
  [102, 4757, 2.0991973657131098],
  'Bombay_172.jpg'],
 [[4179, 20906, 16.659358182180586],
  [4179, 4491, 48.200692041522494],
  'Bombay_131.jpg']]