###border=300, eps=15, min_samples=5, k=8, value_border=1 / 8
### 所要時間 1053.2926301956177 sec
[[[2809, 27752, 9.19145315925526],
  [2809, 2883, 49.349964862965564],
  'Abyssinian_169.jpg'],
 [[3200, 20467, 13.520936324840495],
  [3200, 2372, 57.4300071787509],
  'Abyssinian_178.jpg'],
 [[264, 3274, 7.46184284906727],
  [264, 7043, 3.6129738606815383],
  'Bengal_113.jpg'],
 [[0, 4140, 0.0], [0, 8749, 0.0], 'Bengal_132.jpg'],
 [[14584, 36254, 28.687202486329124],
  [14584, 238, 98.39427877479423],
  'Birman_157.jpg'],
 [[0, 5925, 0.0], [0, 7357, 0.0], 'Bombay_166.jpg'],
 [[4124, 18816, 17.97733217088056],
  [4124, 1, 99.97575757575757],
  'British_Shorthair_116.jpg'],
 [[4115, 12426, 24.877576930052598],
  [4115, 1616, 71.80247775257372],
  'Maine_Coon_162.jpg'],
 [[4630, 16528, 21.882975706588525],
  [4630, 3628, 56.06684427222088],
  'Persian_105.jpg'],
 [[0, 3245, 0.0], [0, 4201, 0.0], 'Persian_159.jpg'],
 [[5494, 21667, 20.227532123264975],
  [5494, 3302, 62.460209185993634],
  'Persian_163.jpg'],
 [[10, 10938, 0.09134088417975886],
  [10, 5623, 0.17752529735487307],
  'Persian_171.jpg'],
 [[10197, 32363, 23.959116541353385],
  [10197, 2053, 83.2408163265306],
  'Siamese_17.jpg'],
 [[1623, 9047, 15.21087160262418],
  [1623, 3585, 31.163594470046082],
  'Sphynx_119.jpg'],
 [[6032, 3668, 62.18556701030928],
  [6032, 2473, 70.92298647854203],
  'Sphynx_158.jpg'],
 [[81, 7315, 1.0951865873445106],
  [81, 6199, 1.2898089171974523],
  'Sphynx_164.jpg'],
 [[3060, 27900, 9.883720930232558],
  [3060, 1627, 65.28696394282056],
  'Sphynx_17.jpg'],
 [[7657, 6920, 52.527954997598954],
  [7657, 427, 94.71796140524494],
  'american_bulldog_188.jpg'],
 [[4843, 7034, 40.776290309000586],
  [4843, 5675, 46.04487545160677],
  'american_pit_bull_terrier_181.jpg'],
 [[1890, 6750, 21.875],
  [1890, 6737, 21.907963370812567],
  'american_pit_bull_terrier_187.jpg'],
 [[7413, 56323, 11.6307895067152], [7413, 0, 100.0], 'basset_hound_151.jpg'],
 [[10228, 28220, 26.602163961714524],
  [10228, 13, 99.87305927155552],
  'beagle_143.jpg'],
 [[6353, 39229, 13.937519196173929],
  [6353, 801, 88.8034665921163],
  'chihuahua_11.jpg'],
 [[2665, 8507, 23.854278553526672],
  [2665, 5442, 32.87282595288023],
  'english_cocker_spaniel_177.jpg'],
 [[6769, 20941, 24.428004330566583],
  [6769, 1098, 86.04296428117452],
  'english_cocker_spaniel_186.jpg'],
 [[1348, 4626, 22.56444593237362],
  [1348, 4997, 21.24507486209614],
  'german_shorthaired_119.jpg'],
 [[13, 11411, 0.11379551820728291],
  [13, 3026, 0.4277722935176045],
  'havanese_122.jpg'],
 [[0, 4088, 0.0], [0, 9910, 0.0], 'japanese_chin_106.jpg'],
 [[3455, 19758, 14.883901262223754],
  [3455, 6794, 33.710605912771975],
  'keeshond_182.jpg'],
 [[431, 11083, 3.74326906374848],
  [431, 5693, 7.0378837361201825],
  'newfoundland_129.jpg'],
 [[1384, 7064, 16.382575757575758],
  [1384, 10401, 11.743742044972423],
  'newfoundland_180.jpg'],
 [[108, 6132, 1.7307692307692308],
  [108, 8058, 1.322556943423953],
  'newfoundland_186.jpg'],
 [[3260, 6386, 33.79639228695832],
  [3260, 1572, 67.46688741721854],
  'newfoundland_190.jpg'],
 [[4300, 5820, 42.4901185770751],
  [4300, 2963, 59.20418559823764],
  'pug_15.jpg'],
 [[6189, 26195, 19.1112895256917],
  [6189, 1403, 81.5200210748156],
  'saint_bernard_178.jpg'],
 [[3223, 17105, 15.854978354978355],
  [3223, 3356, 48.98920808633531],
  'scottish_terrier_12.jpg'],
 [[1929, 8772, 18.026352677319878],
  [1929, 7168, 21.204792788831483],
  'scottish_terrier_183.jpg'],
 [[1108, 6172, 15.219780219780219],
  [1108, 4452, 19.928057553956833],
  'yorkshire_terrier_106.jpg'],
 [[854, 36251, 2.3015766069262904],
  [854, 3595, 19.19532479208811],
  'german_shorthaired_164.jpg'],
 [[3278, 22006, 12.964720772029741],
  [3278, 3708, 46.922416261093616],
  'scottish_terrier_174.jpg'],
 [[1951, 5826, 25.086794393725086],
  [1951, 2619, 42.691466083150985],
  'american_pit_bull_terrier_121.jpg'],
 [[1430, 3055, 31.884057971014492],
  [1430, 12406, 10.335357039606823],
  'Sphynx_197.jpg'],
 [[4, 3804, 0.10504201680672269],
  [4, 6527, 0.061246363497167354],
  'Egyptian_Mau_123.jpg'],
 [[2014, 3899, 34.060544562827666],
  [2014, 1771, 53.21003963011889],
  'Maine_Coon_133.jpg'],
 [[5174, 9210, 35.97052280311457],
  [5174, 1484, 77.71102433163112],
  'Abyssinian_167.jpg'],
 [[744, 10680, 6.512605042016807],
  [744, 6135, 10.815525512429133],
  'Abyssinian_119.jpg'],
 [[3344, 3376, 49.76190476190476],
  [3344, 4390, 43.23765192655806],
  'Abyssinian_190.jpg'],
 [[8180, 16900, 32.61562998405104],
  [8180, 3077, 72.66589677533979],
  'Bengal_138.jpg'],
 [[3474, 31495, 9.934513426177471],
  [3474, 2009, 63.35947474010578],
  'Bombay_164.jpg'],
 [[3630, 33990, 9.649122807017545],
  [3630, 1853, 66.20463250045596],
  'Bombay_189.jpg'],
 [[3103, 18092, 14.640245340882284],
  [3103, 5756, 35.02652669601535],
  'pomeranian_147.jpg'],
 [[4016, 10368, 27.91991101223582],
  [4016, 3010, 57.159123256475944],
  'beagle_179.jpg'],
 [[7650, 15450, 33.116883116883116],
  [7650, 1918, 79.95401337792642],
  'Bengal_160.jpg'],
 [[6947, 10150, 40.632859566005735],
  [6947, 2498, 73.55214399152992],
  'Maine_Coon_217.jpg'],
 [[2445, 4823, 33.64061640066043],
  [2445, 10751, 18.528341921794482],
  'pomeranian_190.jpg'],
 [[3943, 32132, 10.93000693000693],
  [3943, 3687, 51.677588466579294],
  'pug_122.jpg'],
 [[2482, 18978, 11.565703634669152], [2482, 0, 100.0], 'pomeranian_136.jpg'],
 [[5561, 10559, 34.497518610421835],
  [5561, 4871, 53.30713190184049],
  'Maine_Coon_191.jpg'],
 [[2877, 12369, 18.87052341597796],
  [2877, 6062, 32.184808144087704],
  'japanese_chin_15.jpg'],
 [[4785, 15181, 23.96574176099369],
  [4785, 6666, 41.78674351585014],
  'Ragdoll_148.jpg'],
 [[5007, 24063, 17.223942208462333],
  [5007, 839, 85.64830653438248],
  'chihuahua_14.jpg'],
 [[0, 6930, 0.0], [0, 9314, 0.0], 'miniature_pinscher_101.jpg'],
 [[1188, 6552, 15.348837209302326],
  [1188, 8587, 12.153452685421994],
  'wheaten_terrier_122.jpg'],
 [[7099, 21631, 24.70936303515489],
  [7099, 2992, 70.3498166683183],
  'Abyssinian_112.jpg'],
 [[0, 6248, 0.0], [0, 5383, 0.0], 'american_pit_bull_terrier_151.jpg'],
 [[7171, 18491, 27.944041773829007],
  [7171, 4469, 61.606529209621996],
  'japanese_chin_110.jpg'],
 [[3540, 4608, 43.446244477172314],
  [3540, 7361, 32.474084946335196],
  'pomeranian_122.jpg'],
 [[2296, 9404, 19.623931623931625],
  [2296, 6097, 27.356130108423688],
  'pomeranian_175.jpg'],
 [[0, 10504, 0.0], [0, 4433, 0.0], 'great_pyrenees_134.jpg'],
 [[2225, 11887, 15.76672335600907],
  [2225, 5840, 27.58834469931804],
  'keeshond_137.jpg'],
 [[1641, 7303, 18.347495527728086],
  [1641, 7215, 18.52981029810298],
  'leonberger_116.jpg'],
 [[7851, 28437, 21.635251322751323],
  [7851, 1412, 84.75655835042643],
  'newfoundland_112.jpg'],
 [[851, 7128, 10.66549692943978],
  [851, 4636, 15.509385821031529],
  'scottish_terrier_122.jpg'],
 [[165, 5515, 2.9049295774647885],
  [165, 7035, 2.2916666666666665],
  'Bombay_172.jpg'],
 [[1843, 23242, 7.34702013155272],
  [1843, 5058, 26.70627445297783],
  'Bombay_131.jpg']]