###border=300, eps=15, min_samples=5, k=7, value_border=1 / 7
###所要時間 1163.46488571167 sec
[[[2836, 27725, 9.279801053630443],
  [2836, 2712, 51.117519826964674],
  'Abyssinian_169.jpg'],
 [[3226, 20441, 13.630793932479824],
  [3226, 1005, 76.24675017726305],
  'Abyssinian_178.jpg'],
 [[264, 3274, 7.46184284906727],
  [264, 7014, 3.6273701566364385],
  'Bengal_113.jpg'],
 [[0, 4140, 0.0], [0, 7605, 0.0], 'Bengal_132.jpg'],
 [[9263, 41575, 18.220622369093984], [9263, 0, 100.0], 'Birman_157.jpg'],
 [[0, 5925, 0.0], [0, 5523, 0.0], 'Bombay_166.jpg'],
 [[4215, 18725, 18.374019180470793],
  [4215, 228, 94.86833220796758],
  'British_Shorthair_116.jpg'],
 [[4453, 12088, 26.92098422102654],
  [4453, 1903, 70.05978602894902],
  'Maine_Coon_162.jpg'],
 [[4905, 16253, 23.182720483977693],
  [4905, 2918, 62.69973156078231],
  'Persian_105.jpg'],
 [[0, 3245, 0.0], [0, 2095, 0.0], 'Persian_159.jpg'],
 [[6308, 20853, 23.22447627112404],
  [6308, 5342, 54.14592274678112],
  'Persian_163.jpg'],
 [[3430, 7518, 31.32992327365729],
  [3430, 8731, 28.204917358769837],
  'Persian_171.jpg'],
 [[11548, 31012, 27.133458646616543],
  [11548, 513, 95.74662134151397],
  'Siamese_17.jpg'],
 [[695, 9975, 6.513589503280225],
  [695, 2408, 22.397679664840478],
  'Sphynx_119.jpg'],
 [[6032, 3668, 62.18556701030928],
  [6032, 3338, 64.37566702241195],
  'Sphynx_158.jpg'],
 [[81, 7315, 1.0951865873445106],
  [81, 4660, 1.7085003163889474],
  'Sphynx_164.jpg'],
 [[8744, 22216, 28.242894056847547],
  [8744, 4519, 65.92776898137676],
  'Sphynx_17.jpg'],
 [[8650, 5927, 59.3400562530013],
  [8650, 897, 90.60437833874515],
  'american_bulldog_188.jpg'],
 [[4674, 7203, 39.35337206365244],
  [4674, 3626, 56.31325301204819],
  'american_pit_bull_terrier_181.jpg'],
 [[1890, 6750, 21.875],
  [1890, 8167, 18.792880580690067],
  'american_pit_bull_terrier_187.jpg'],
 [[6962, 56774, 10.923183130412953], [6962, 0, 100.0], 'basset_hound_151.jpg'],
 [[7213, 31235, 18.760403662089054],
  [7213, 12, 99.83391003460207],
  'beagle_143.jpg'],
 [[7480, 38102, 16.409986398139615],
  [7480, 801, 90.32725516242],
  'chihuahua_11.jpg'],
 [[3234, 7938, 28.94736842105263],
  [3234, 2603, 55.40517389069728],
  'english_cocker_spaniel_177.jpg'],
 [[2923, 24787, 10.54853843377842],
  [2923, 0, 100.0],
  'english_cocker_spaniel_186.jpg'],
 [[1701, 4273, 28.473384666889856],
  [1701, 5745, 22.844480257856567],
  'german_shorthaired_119.jpg'],
 [[61, 11363, 0.5339635854341737],
  [61, 3218, 1.8603232692894176],
  'havanese_122.jpg'],
 [[0, 4088, 0.0], [0, 7314, 0.0], 'japanese_chin_106.jpg'],
 [[4435, 18778, 19.10567354499634],
  [4435, 9067, 32.84698563175826],
  'keeshond_182.jpg'],
 [[431, 11083, 3.74326906374848],
  [431, 5250, 7.5866924837176555],
  'newfoundland_129.jpg'],
 [[2600, 5848, 30.776515151515152],
  [2600, 7959, 24.623543896202293],
  'newfoundland_180.jpg'],
 [[108, 6132, 1.7307692307692308],
  [108, 14343, 0.747353124351256],
  'newfoundland_186.jpg'],
 [[5792, 3854, 60.045614762595896],
  [5792, 3517, 62.219357610914166],
  'newfoundland_190.jpg'],
 [[4335, 5785, 42.83596837944664],
  [4335, 3792, 53.34071613141381],
  'pug_15.jpg'],
 [[4683, 27701, 14.460844861660078],
  [4683, 2227, 67.77134587554269],
  'saint_bernard_178.jpg'],
 [[3117, 17211, 15.33353010625738],
  [3117, 3541, 46.81586061880444],
  'scottish_terrier_12.jpg'],
 [[2571, 8130, 24.02579198205775],
  [2571, 7008, 26.839962417788914],
  'scottish_terrier_183.jpg'],
 [[2281, 4999, 31.332417582417584],
  [2281, 8496, 21.165444929015496],
  'yorkshire_terrier_106.jpg'],
 [[2480, 34625, 6.683735345640749],
  [2480, 3717, 40.01936420848798],
  'german_shorthaired_164.jpg'],
 [[5080, 20204, 20.091757633285873],
  [5080, 5400, 48.47328244274809],
  'scottish_terrier_174.jpg'],
 [[1818, 5959, 23.376623376623378],
  [1818, 4527, 28.652482269503547],
  'american_pit_bull_terrier_121.jpg'],
 [[0, 4485, 0.0], [0, 2572, 0.0], 'Sphynx_197.jpg'],
 [[0, 3808, 0.0], [0, 7547, 0.0], 'Egyptian_Mau_123.jpg'],
 [[1890, 4023, 31.963470319634702],
  [1890, 1750, 51.92307692307692],
  'Maine_Coon_133.jpg'],
 [[4272, 10112, 29.699666295884317], [4272, 0, 100.0], 'Abyssinian_167.jpg'],
 [[3976, 7448, 34.80392156862745],
  [3976, 4626, 46.22180888165543],
  'Abyssinian_119.jpg'],
 [[3344, 3376, 49.76190476190476],
  [3344, 5505, 37.789580743586846],
  'Abyssinian_190.jpg'],
 [[7185, 17895, 28.648325358851675],
  [7185, 2429, 74.73476180570002],
  'Bengal_138.jpg'],
 [[4607, 30362, 13.174526008750608],
  [4607, 2267, 67.02065755018911],
  'Bombay_164.jpg'],
 [[4864, 32756, 12.929292929292929],
  [4864, 2010, 70.75938318300844],
  'Bombay_189.jpg'],
 [[3072, 18123, 14.493984430290162],
  [3072, 5152, 37.35408560311284],
  'pomeranian_147.jpg'],
 [[5589, 8795, 38.855672969966626],
  [5589, 588, 90.48081593006314],
  'beagle_179.jpg'],
 [[8887, 14213, 38.47186147186147],
  [8887, 2657, 76.98371448371448],
  'Bengal_160.jpg'],
 [[6573, 10524, 38.445341287945254],
  [6573, 1717, 79.28829915560917],
  'Maine_Coon_217.jpg'],
 [[4246, 3022, 58.42047330764997],
  [4246, 11231, 27.434257285003554],
  'pomeranian_190.jpg'],
 [[4128, 31947, 11.442827442827443],
  [4128, 3425, 54.65377995498478],
  'pug_122.jpg'],
 [[6527, 14933, 30.414725069897482],
  [6527, 1197, 84.50284826514759],
  'pomeranian_136.jpg'],
 [[6580, 9540, 40.81885856079405],
  [6580, 3903, 62.76829151960317],
  'Maine_Coon_191.jpg'],
 [[5818, 9428, 38.16082906991998],
  [5818, 8687, 40.110306790761804],
  'japanese_chin_15.jpg'],
 [[5178, 14788, 25.934087949514176],
  [5178, 5914, 46.68229354489722],
  'Ragdoll_148.jpg'],
 [[4325, 24745, 14.877880976952184], [4325, 0, 100.0], 'chihuahua_14.jpg'],
 [[0, 6930, 0.0], [0, 12478, 0.0], 'miniature_pinscher_101.jpg'],
 [[1194, 6546, 15.426356589147288],
  [1194, 10716, 10.025188916876575],
  'wheaten_terrier_122.jpg'],
 [[4724, 24006, 16.442742777584407],
  [4724, 3184, 59.73697521497218],
  'Abyssinian_112.jpg'],
 [[0, 6248, 0.0], [0, 3916, 0.0], 'american_pit_bull_terrier_151.jpg'],
 [[7955, 17707, 30.99914270127036],
  [7955, 2917, 73.16961000735836],
  'japanese_chin_110.jpg'],
 [[411, 7737, 5.044182621502209],
  [411, 6388, 6.045006618620385],
  'pomeranian_122.jpg'],
 [[2640, 9060, 22.564102564102566],
  [2640, 8396, 23.921710764769845],
  'pomeranian_175.jpg'],
 [[0, 10504, 0.0], [0, 5701, 0.0], 'great_pyrenees_134.jpg'],
 [[5848, 8264, 41.439909297052154],
  [5848, 6645, 46.81021371968302],
  'keeshond_137.jpg'],
 [[0, 8944, 0.0], [0, 9458, 0.0], 'leonberger_116.jpg'],
 [[6736, 29552, 18.562610229276896],
  [6736, 374, 94.73980309423348],
  'newfoundland_112.jpg'],
 [[2499, 5480, 31.319714249906003],
  [2499, 1726, 59.14792899408284],
  'scottish_terrier_122.jpg'],
 [[0, 5680, 0.0], [0, 6092, 0.0], 'Bombay_172.jpg'],
 [[4365, 20720, 17.400837153677497],
  [4365, 2798, 60.93815440457909],
  'Bombay_131.jpg']]