### num_sumples=1000### 0:領域内でマッピングされてる 1:領域内でマッピングされていない 2:境界線でマッピングされてる 3:境界線でマッピングされていない 4: 領域外でマッピングされている 5:領域外でマッピングされていない 所要時間(sec) ファイル名22690 17748 1551 1900 158 6129 59.686243295669556 basset_hound_23.jpg
22248 14500 3048 2734 551 7095 60.06644892692566 boxer_64.jpg
12795 10511 2849 2412 3469 18140 60.19246053695679 newfoundland_198.jpg
13440 3385 3463 3349 4293 22246 60.36270022392273 Sphynx_72.jpg
28600 12067 1959 2790 257 4503 60.959733963012695 keeshond_6.jpg
15872 10698 1833 5834 2203 13736 62.33847141265869 chihuahua_38.jpg
14567 6721 5783 2661 3806 16638 61.35600185394287 Siamese_210.jpg
12183 14096 4880 4672 2148 12197 64.13520121574402 Egyptian_Mau_118.jpg
18578 16146 1997 3936 150 9369 64.12127161026001 Persian_105.jpg
17927 29271 1081 1206 265 426 67.05546140670776 keeshond_182.jpg
10508 1760 5207 4044 4378 24279 64.49482369422913 Sphynx_46.jpg
21533 17692 782 3992 248 5929 64.77061414718628 Birman_68.jpg
11275 4285 7001 3229 11674 12712 64.38454008102417 chihuahua_9.jpg
12973 3535 4223 12134 649 16662 64.73567914962769 Ragdoll_52.jpg
19992 14806 2612 2983 573 9210 64.82805895805359 basset_hound_22.jpg
4239 4092 1839 2664 11242 26100 64.49922299385071 scottish_terrier_183.jpg
11842 9492 4190 6648 5734 12270 64.84730815887451 chihuahua_61.jpg
7130 2698 3190 4441 7651 25066 64.1076192855835 Egyptian_Mau_52.jpg
6530 5882 3518 3308 3950 26988 64.81068158149719 Sphynx_230.jpg
12768 12606 2187 4107 4371 14137 64.53031468391418 Ragdoll_53.jpg
17239 11510 2646 3895 4246 10640 64.5110867023468 newfoundland_186.jpg
17944 10020 4370 4935 2618 10289 64.38274884223938 Bombay_21.jpg
1862 0 3671 19 22399 22225 64.17763829231262 shiba_inu_93.jpg
17087 21227 1354 5245 258 5005 65.04097294807434 Egyptian_Mau_80.jpg
7358 422 3620 1951 10233 26592 64.5801272392273 Bengal_113.jpg
