### border=300, eps=15, min_samples=7, k=11, value_border=(1 / 11) * 1
### 所要時間 135.77276039123535 sec
2648 23631 362 9190 369 13976 Egyptian_Mau_118.jpg
3274 31450 491 5442 1777 7742 Persian_105.jpg
3821 15061 1877 10060 1478 17879 Egyptian_Mau_123.jpg
4217 42981 21 2266 1 690 keeshond_182.jpg
2408 35532 1300 3335 780 6821 keeshond_137.jpg
0 8331 0 4503 880 36462 scottish_terrier_183.jpg
974 29880 6 4397 1963 12956 keeshond_184.jpg
1134 27615 852 5689 1012 13874 newfoundland_186.jpg
3140 33907 338 5158 113 7520 english_cocker_spaniel_105.jpg
1437 21563 663 10763 1168 14582 pomeranian_175.jpg
2104 21740 1500 9411 1880 13541 leonberger_116.jpg
1862 16180 1151 7769 360 22854 japanese_chin_15.jpg
1348 26564 538 8088 770 12868 Siamese_17.jpg
414 12743 304 3954 2965 29796 wheaten_terrier_122.jpg
829 9517 222 3937 2460 33211 leonberger_167.jpg
2044 27794 1410 4104 1580 13244 newfoundland_112.jpg
3658 30371 479 3371 631 11666 beagle_143.jpg
3591 38002 0 4219 0 4364 Persian_163.jpg
2838 19124 709 5730 2100 19675 great_pyrenees_130.jpg
1872 27867 308 6416 60 13653 pomeranian_121.jpg
