### border=300, eps=15, min_samples=5, k=13, value_border=(1 / 13) * 0
### 所要時間 256.7993655204773 sec
6373 19906 3002 6550 2248 12097 Egyptian_Mau_118.jpg
8814 25910 1562 4371 2065 7454 Persian_105.jpg
8469 10413 4881 7056 3204 16153 Egyptian_Mau_123.jpg
16980 30218 1099 1188 90 601 keeshond_182.jpg
11994 25946 3415 1220 4182 3419 keeshond_137.jpg
2367 5964 2046 2457 11371 25971 scottish_terrier_183.jpg
4883 25971 1253 3150 6010 8909 keeshond_184.jpg
7947 20802 2927 3614 4782 10104 newfoundland_186.jpg
15357 21690 2201 3295 1671 5962 english_cocker_spaniel_105.jpg
4280 18720 4625 6801 4117 11633 pomeranian_175.jpg
8377 15467 3963 6948 3248 12173 leonberger_116.jpg
6959 11083 2059 6861 3891 19323 japanese_chin_15.jpg
8504 19408 3494 5132 4253 9385 Siamese_17.jpg
3148 10009 739 3519 10850 21911 wheaten_terrier_122.jpg
3834 6512 1124 3035 10952 24719 leonberger_167.jpg
7508 22330 2733 2781 3700 11124 newfoundland_112.jpg
12947 21082 1564 2286 2021 10276 beagle_143.jpg
12695 28898 587 3632 322 4042 Persian_163.jpg
6247 15715 2123 4316 5843 15932 great_pyrenees_130.jpg
12101 17638 2728 3996 2218 11495 pomeranian_121.jpg
