### border=300, eps=15, min_samples=7, k=7, value_border=(1 / 7) * 0
### 所要時間 178.43158221244812 sec
4126 22153 1375 8177 1969 12376 Egyptian_Mau_118.jpg
7982 26742 1359 4574 2512 7007 Persian_105.jpg
7553 11329 4263 7674 2262 17095 Egyptian_Mau_123.jpg
9544 37654 570 1717 65 626 keeshond_182.jpg
4115 33825 2998 1637 2883 4718 keeshond_137.jpg
1442 6889 1004 3499 4241 33101 scottish_terrier_183.jpg
1098 29756 805 3598 5842 9077 keeshond_184.jpg
4529 24220 1989 4552 2670 12216 newfoundland_186.jpg
7960 29087 548 4948 319 7314 english_cocker_spaniel_105.jpg
2197 20803 3290 8136 3033 12717 pomeranian_175.jpg
5889 17955 3170 7741 3425 11996 leonberger_116.jpg
4015 14027 1414 7506 2452 20762 japanese_chin_15.jpg
3964 23948 2128 6498 1357 12281 Siamese_17.jpg
1234 11923 677 3581 8330 24431 wheaten_terrier_122.jpg
2524 7822 775 3384 5372 30299 leonberger_167.jpg
6320 23518 2363 3151 3759 11065 newfoundland_112.jpg
11294 22735 1403 2447 1649 10648 beagle_143.jpg
8443 33150 543 3676 106 4258 Persian_163.jpg
4635 17327 1438 5001 5400 16375 great_pyrenees_130.jpg
5840 23899 1186 5538 709 13004 pomeranian_121.jpg
