### border=300, eps=15, min_samples=7, k=13, value_border=(1 / 13) * 0.8
### 所要時間 123.71046185493469 sec
3133 23146 1157 8395 1205 13140 Egyptian_Mau_118.jpg
6225 28499 818 5115 1827 7692 Persian_105.jpg
4947 13935 3849 8088 2003 17354 Egyptian_Mau_123.jpg
6857 40341 581 1706 44 647 keeshond_182.jpg
2914 35026 2198 2437 2280 5321 keeshond_137.jpg
1052 7279 731 3772 2896 34446 scottish_terrier_183.jpg
845 30009 478 3925 4133 10786 keeshond_184.jpg
2778 25971 1517 5024 2145 12741 newfoundland_186.jpg
5102 31945 514 4982 309 7324 english_cocker_spaniel_105.jpg
1477 21523 2703 8723 2592 13158 pomeranian_175.jpg
4468 19376 2309 8602 2285 13136 leonberger_116.jpg
2433 15609 899 8021 1853 21361 japanese_chin_15.jpg
2356 25556 1507 7119 1217 12421 Siamese_17.jpg
782 12375 439 3819 5750 27011 wheaten_terrier_122.jpg
1595 8751 576 3583 4167 31504 leonberger_167.jpg
4015 25823 1808 3706 2407 12417 newfoundland_112.jpg
8283 25746 1300 2550 1312 10985 beagle_143.jpg
6025 35568 279 3940 30 4334 Persian_163.jpg
3014 18948 904 5535 3365 18410 great_pyrenees_130.jpg
3455 26284 1078 5646 698 13015 pomeranian_121.jpg
