### border=300, eps=15, min_samples=5, k=9, value_border=(1 / 9) * 1
### 所要時間 324.00915813446045 sec
3930 22349 2144 7408 1741 12604 Egyptian_Mau_118.jpg
5525 29199 1096 4837 2556 6963 Persian_105.jpg
3379 15503 2027 9910 2542 16815 Egyptian_Mau_123.jpg
9785 37413 726 1561 78 613 keeshond_182.jpg
7154 30786 2749 1886 1943 5658 keeshond_137.jpg
565 7766 767 3736 7277 30065 scottish_terrier_183.jpg
3554 27300 296 4107 3481 11438 keeshond_184.jpg
4082 24667 1735 4806 2683 12203 newfoundland_186.jpg
8906 28141 1256 4240 1426 6207 english_cocker_spaniel_105.jpg
4891 18109 2378 9048 1536 14214 pomeranian_175.jpg
8274 15570 2634 8277 954 14467 leonberger_116.jpg
2340 15702 1707 7213 4387 18827 japanese_chin_15.jpg
4553 23359 2189 6437 2108 11530 Siamese_17.jpg
1040 12117 683 3575 8215 24546 wheaten_terrier_122.jpg
237 10109 487 3672 10953 24718 leonberger_167.jpg
4610 25228 1494 4020 1964 12860 newfoundland_112.jpg
6859 27170 322 3528 714 11583 beagle_143.jpg
8658 32935 0 4219 0 4364 Persian_163.jpg
5523 16439 1258 5181 3894 17881 great_pyrenees_130.jpg
8744 20995 1004 5720 835 12878 pomeranian_121.jpg
