### border=300, eps=15, min_samples=5, k=5, value_border=(1 / 5) * 1
### 所要時間 530.1120293140411 sec
4376 21903 1329 8223 1735 12610 Egyptian_Mau_118.jpg
4849 29875 0 5933 0 9519 Persian_105.jpg
7471 11411 2017 9920 1668 17689 Egyptian_Mau_123.jpg
16281 30917 726 1561 78 613 keeshond_182.jpg
7775 30165 1909 2726 603 6998 keeshond_137.jpg
706 7625 862 3641 13467 23875 scottish_terrier_183.jpg
9107 21747 0 4403 0 14919 keeshond_184.jpg
9321 19428 2105 4436 2694 12192 newfoundland_186.jpg
14376 22671 1291 4205 88 7545 english_cocker_spaniel_105.jpg
6603 16397 4169 7257 5529 10221 pomeranian_175.jpg
8494 15350 1737 9174 826 14595 leonberger_116.jpg
5881 12161 3415 5505 6846 16368 japanese_chin_15.jpg
10778 17134 2479 6147 3128 10510 Siamese_17.jpg
5162 7995 1262 2996 551 32210 wheaten_terrier_122.jpg
3350 6996 1001 3158 9534 26137 leonberger_167.jpg
3489 26349 835 4679 1521 13303 newfoundland_112.jpg
7978 26051 655 3195 758 11539 beagle_143.jpg
9275 32318 0 4219 0 4364 Persian_163.jpg
8102 13860 2141 4298 5486 16289 great_pyrenees_130.jpg
15703 14036 2616 4108 5129 8584 pomeranian_121.jpg
