### border=300, eps=15, min_samples=5, k=11, value_border=(1 / 11) * 1
### 所要時間 284.7639501094818 sec
2894 23385 2638 6914 2012 12333 Egyptian_Mau_118.jpg
5696 29028 865 5068 1157 8362 Persian_105.jpg
3785 15097 2885 9052 1705 17652 Egyptian_Mau_123.jpg
7642 39556 0 2287 0 691 keeshond_182.jpg
8859 29081 2926 1709 1822 5779 keeshond_137.jpg
294 8037 261 4242 6743 30599 scottish_terrier_183.jpg
4549 26305 1 4402 1709 13210 keeshond_184.jpg
4737 24012 1277 5264 2373 12513 newfoundland_186.jpg
11304 25743 1854 3642 1646 5987 english_cocker_spaniel_105.jpg
4171 18829 1575 9851 88 15662 pomeranian_175.jpg
6169 17675 1667 9244 1446 13975 leonberger_116.jpg
3631 14411 2416 6504 3403 19811 japanese_chin_15.jpg
6012 21900 2537 6089 2450 11188 Siamese_17.jpg
864 12293 527 3731 6230 26531 wheaten_terrier_122.jpg
1097 9249 520 3639 5600 30071 leonberger_167.jpg
5095 24743 1910 3604 2013 12811 newfoundland_112.jpg
5496 28533 296 3554 576 11721 beagle_143.jpg
7817 33776 201 4018 28 4336 Persian_163.jpg
5768 16194 1419 5020 2515 19260 great_pyrenees_130.jpg
11294 18445 1930 4794 1719 11994 pomeranian_121.jpg
