### border=300, eps=15, min_samples=7, k=11, value_border=(1 / 11) * 0
### 所要時間 136.78614735603333 sec
3115 23164 1328 8224 1098 13247 Egyptian_Mau_118.jpg
6624 28100 809 5124 2094 7425 Persian_105.jpg
5955 12927 3626 8311 1992 17365 Egyptian_Mau_123.jpg
7467 39731 610 1677 50 641 keeshond_182.jpg
3200 34740 2561 2074 2380 5221 keeshond_137.jpg
1128 7203 876 3627 3096 34246 scottish_terrier_183.jpg
1098 29756 542 3861 4591 10328 keeshond_184.jpg
3208 25541 1621 4920 2174 12712 newfoundland_186.jpg
5746 31301 514 4982 310 7323 english_cocker_spaniel_105.jpg
2049 20951 2810 8616 2745 13005 pomeranian_175.jpg
5119 18725 2541 8370 2393 13028 leonberger_116.jpg
2524 15518 1279 7641 1948 21266 japanese_chin_15.jpg
2768 25144 1585 7041 1251 12387 Siamese_17.jpg
782 12375 439 3819 6760 26001 wheaten_terrier_122.jpg
1999 8347 648 3511 4039 31632 leonberger_167.jpg
4591 25247 2153 3361 2833 11991 newfoundland_112.jpg
9258 24771 1352 2498 1329 10968 beagle_143.jpg
6484 35109 279 3940 30 4334 Persian_163.jpg
3489 18473 998 5441 3741 18034 great_pyrenees_130.jpg
4213 25526 1078 5646 698 13015 pomeranian_121.jpg
