### border=300, eps=15, min_samples=3, k=15, value_border=(1 / 15) * 1
### 所要時間 330.2490019798279 sec
4564 21715 2508 7044 1622 12723 Egyptian_Mau_118.jpg
7232 27492 826 5107 1142 8377 Persian_105.jpg
5756 13126 1737 10200 2232 17125 Egyptian_Mau_123.jpg
10426 36772 340 1947 50 641 keeshond_182.jpg
9980 27960 1418 3217 434 7167 keeshond_137.jpg
612 7719 565 3938 7324 30018 scottish_terrier_183.jpg
7164 23690 571 3832 227 14692 keeshond_184.jpg
1712 27037 1289 5252 3084 11802 newfoundland_186.jpg
9485 27562 1528 3968 746 6887 english_cocker_spaniel_105.jpg
4276 18724 2001 9425 3655 12095 pomeranian_175.jpg
8977 14867 2554 8357 2329 13092 leonberger_116.jpg
5460 12582 2206 6714 7109 16105 japanese_chin_15.jpg
8230 19682 1756 6870 3576 10062 Siamese_17.jpg
1984 11173 806 3452 419 32342 wheaten_terrier_122.jpg
1896 8450 878 3281 8568 27103 leonberger_167.jpg
4733 25105 1056 4458 2355 12469 newfoundland_112.jpg
8344 25685 980 2870 1323 10974 beagle_143.jpg
9744 31849 0 4219 0 4364 Persian_163.jpg
4671 17291 953 5486 1870 19905 great_pyrenees_130.jpg
7713 22026 1677 5047 1070 12643 pomeranian_121.jpg
