### border=300, eps=15, min_samples=3, k=13, value_border=(1 / 13) * 1
### 所要時間 349.94226479530334 sec
3811 22468 2546 7006 2250 12095 Egyptian_Mau_118.jpg
8086 26638 888 5045 1306 8213 Persian_105.jpg
5922 12960 2242 9695 3223 16134 Egyptian_Mau_123.jpg
10730 36468 0 2287 0 691 keeshond_182.jpg
9792 28148 1431 3204 1478 6123 keeshond_137.jpg
0 8331 0 4503 2611 34731 scottish_terrier_183.jpg
7256 23598 491 3912 1581 13338 keeshond_184.jpg
4369 24380 2406 4135 3844 11042 newfoundland_186.jpg
7427 29620 1054 4442 982 6651 english_cocker_spaniel_105.jpg
6948 16052 2522 8904 2654 13096 pomeranian_175.jpg
6238 17606 3404 7507 3260 12161 leonberger_116.jpg
6702 11340 2411 6509 4299 18915 japanese_chin_15.jpg
8604 19308 2320 6306 3742 9896 Siamese_17.jpg
1234 11923 285 3973 6198 26563 wheaten_terrier_122.jpg
2300 8046 1661 2498 9005 26666 leonberger_167.jpg
5321 24517 2085 3429 1815 13009 newfoundland_112.jpg
5689 28340 672 3178 1270 11027 beagle_143.jpg
9781 31812 297 3922 28 4336 Persian_163.jpg
5459 16503 1472 4967 1860 19915 great_pyrenees_130.jpg
7705 22034 917 5807 801 12912 pomeranian_121.jpg
