### border=300, eps=15, min_samples=3, k=7, value_border=(1 / 7) * 0.8
### 所要時間 650.3403604030609 sec
14786 11493 5615 3937 3652 10693 Egyptian_Mau_118.jpg
19413 15311 2350 3583 2959 6560 Persian_105.jpg
12919 5963 5885 6052 4639 14718 Egyptian_Mau_123.jpg
29613 17585 1369 918 108 583 keeshond_182.jpg
20726 17214 3866 769 4935 2666 keeshond_137.jpg
4313 4018 2821 1682 20260 17082 scottish_terrier_183.jpg
14706 16148 2795 1608 10376 4543 keeshond_184.jpg
17448 11301 5072 1469 8403 6483 newfoundland_186.jpg
25451 11596 3728 1768 2545 5088 english_cocker_spaniel_105.jpg
11746 11254 7717 3709 8928 6822 pomeranian_175.jpg
15367 8477 6954 3957 9392 6029 leonberger_116.jpg
11907 6135 6039 2881 13022 10192 japanese_chin_15.jpg
15743 12169 5788 2838 7805 5833 Siamese_17.jpg
5436 7721 2262 1996 20104 12657 wheaten_terrier_122.jpg
7674 2672 2399 1760 21668 14003 leonberger_167.jpg
18371 11467 4312 1202 6769 8055 newfoundland_112.jpg
21757 12272 2493 1357 4440 7857 beagle_143.jpg
18507 23086 845 3374 1209 3155 Persian_163.jpg
12944 9018 3772 2667 9814 11961 great_pyrenees_130.jpg
18654 11085 4462 2262 6782 6931 pomeranian_121.jpg
