### border=300, eps=15, min_samples=5, k=9, value_border=(1 / 9) * 0.5
### 所要時間 325.21118450164795 sec
7118 19161 3655 5897 2807 11538 Egyptian_Mau_118.jpg
10572 24152 1571 4362 2569 6950 Persian_105.jpg
9614 9268 5551 6386 3981 15376 Egyptian_Mau_123.jpg
19666 27532 1344 943 103 588 keeshond_182.jpg
13323 24617 3920 715 4542 3059 keeshond_137.jpg
3389 4942 2749 1754 13653 23689 scottish_terrier_183.jpg
5688 25166 1640 2763 8097 6822 keeshond_184.jpg
9455 19294 3774 2767 6141 8745 newfoundland_186.jpg
20211 16836 2005 3491 1615 6018 english_cocker_spaniel_105.jpg
6481 16519 5199 6227 5041 10709 pomeranian_175.jpg
10729 13115 5034 5877 4286 11135 leonberger_116.jpg
8837 9205 3132 5788 5361 17853 japanese_chin_15.jpg
10567 17345 4218 4408 5219 8419 Siamese_17.jpg
3143 10014 1332 2926 13529 19232 wheaten_terrier_122.jpg
5165 5181 1599 2560 13229 22442 leonberger_167.jpg
10606 19232 2986 2528 3924 10900 newfoundland_112.jpg
14806 19223 1769 2081 2505 9792 beagle_143.jpg
15353 26240 509 3710 426 3938 Persian_163.jpg
6848 15114 2702 3737 7793 13982 great_pyrenees_130.jpg
14416 15323 3121 3603 2894 10819 pomeranian_121.jpg
