### border=300, eps=15, min_samples=3, k=11, value_border=(1 / 11) * 1
### 所要時間 392.1874806880951 sec
6737 19542 2589 6963 750 13595 Egyptian_Mau_118.jpg
6977 27747 991 4942 1404 8115 Persian_105.jpg
6313 12569 2801 9136 1331 18026 Egyptian_Mau_123.jpg
12223 34975 726 1561 78 613 keeshond_182.jpg
7306 30634 1361 3274 1550 6051 keeshond_137.jpg
0 8331 0 4503 8053 29289 scottish_terrier_183.jpg
5231 25623 549 3854 834 14085 keeshond_184.jpg
4322 24427 2462 4079 3412 11474 newfoundland_186.jpg
10855 26192 2420 3076 2248 5385 english_cocker_spaniel_105.jpg
6249 16751 2756 8670 718 15032 pomeranian_175.jpg
9714 14130 3773 7138 2678 12743 leonberger_116.jpg
5745 12297 4332 4588 9362 13852 japanese_chin_15.jpg
3251 24661 2313 6313 4177 9461 Siamese_17.jpg
773 12384 1366 2892 12533 20228 wheaten_terrier_122.jpg
1333 9013 1064 3095 7713 27958 leonberger_167.jpg
7280 22558 2198 3316 2670 12154 newfoundland_112.jpg
5470 28559 524 3326 1105 11192 beagle_143.jpg
8749 32844 297 3922 28 4336 Persian_163.jpg
4117 17845 1032 5407 2496 19279 great_pyrenees_130.jpg
12076 17663 2242 4482 2467 11246 pomeranian_121.jpg
