### border=300, eps=15, min_samples=5, k=15, value_border=(1 / 15) * 0.5
### 所要時間 232.7152214050293 sec
6286 19993 2553 6999 1958 12387 Egyptian_Mau_118.jpg
8427 26297 1382 4551 2225 7294 Persian_105.jpg
7806 11076 3874 8063 3226 16131 Egyptian_Mau_123.jpg
15563 31635 1208 1079 93 598 keeshond_182.jpg
11219 26721 3260 1375 3966 3635 keeshond_137.jpg
2367 5964 2077 2426 10745 26597 scottish_terrier_183.jpg
3662 27192 1253 3150 5679 9240 keeshond_184.jpg
6717 22032 2829 3712 4414 10472 newfoundland_186.jpg
15168 21879 1923 3573 1198 6435 english_cocker_spaniel_105.jpg
4295 18705 4129 7297 3822 11928 pomeranian_175.jpg
8374 15470 3551 7360 3177 12244 leonberger_116.jpg
5848 12194 2065 6855 3920 19294 japanese_chin_15.jpg
8072 19840 2765 5861 3909 9729 Siamese_17.jpg
2199 10958 1157 3101 10667 22094 wheaten_terrier_122.jpg
3739 6607 1048 3111 9558 26113 leonberger_167.jpg
6502 23336 2285 3229 3647 11177 newfoundland_112.jpg
12630 21399 1421 2429 1983 10314 beagle_143.jpg
11910 29683 456 3763 417 3947 Persian_163.jpg
5286 16676 2123 4316 5553 16222 great_pyrenees_130.jpg
10405 19334 2287 4437 1944 11769 pomeranian_121.jpg
