### border=300, eps=15, min_samples=5, k=15, value_border=(1 / 15) * 1
### 所要時間 231.7635498046875 sec
5256 21023 1581 7971 811 13534 Egyptian_Mau_118.jpg
3542 31182 909 5024 2212 7307 Persian_105.jpg
3656 15226 1555 10382 2075 17282 Egyptian_Mau_123.jpg
6006 41192 0 2287 0 691 keeshond_182.jpg
6525 31415 1292 3343 1368 6233 keeshond_137.jpg
0 8331 0 4503 3930 33412 scottish_terrier_183.jpg
2448 28406 472 3931 776 14143 keeshond_184.jpg
1124 27625 810 5731 1061 13825 newfoundland_186.jpg
8303 28744 755 4741 148 7485 english_cocker_spaniel_105.jpg
3456 19544 2883 8543 1420 14330 pomeranian_175.jpg
4352 19492 2314 8597 2150 13271 leonberger_116.jpg
3079 14963 1728 7192 2204 21010 japanese_chin_15.jpg
3790 24122 1177 7449 1359 12279 Siamese_17.jpg
863 12294 512 3746 5061 27700 wheaten_terrier_122.jpg
1073 9273 565 3594 5565 30106 leonberger_167.jpg
2380 27458 1027 4487 2387 12437 newfoundland_112.jpg
6810 27219 680 3170 919 11378 beagle_143.jpg
7220 34373 0 4219 0 4364 Persian_163.jpg
3785 18177 1433 5006 914 20861 great_pyrenees_130.jpg
6104 23635 1419 5305 985 12728 pomeranian_121.jpg
