### border=300, eps=15, min_samples=3, k=9, value_border=(1 / 9) * 1
### 所要時間 445.960440158844 sec
4701 21578 3198 6354 2904 11441 Egyptian_Mau_118.jpg
8071 26653 988 4945 1182 8337 Persian_105.jpg
3002 15880 1069 10868 2355 17002 Egyptian_Mau_123.jpg
11965 35233 628 1659 23 668 keeshond_182.jpg
6342 31598 1239 3396 1483 6118 keeshond_137.jpg
0 8331 0 4503 3551 33791 scottish_terrier_183.jpg
9118 21736 0 4403 0 14919 keeshond_184.jpg
9836 18913 3179 3362 4981 9905 newfoundland_186.jpg
11228 25819 2012 3484 2278 5355 english_cocker_spaniel_105.jpg
4974 18026 3233 8193 1661 14089 pomeranian_175.jpg
7454 16390 1417 9494 2968 12453 leonberger_116.jpg
8209 9833 4174 4746 13120 10094 japanese_chin_15.jpg
12456 15456 3818 4808 4063 9575 Siamese_17.jpg
2902 10255 1704 2554 6650 26111 wheaten_terrier_122.jpg
3789 6557 1307 2852 10774 24897 leonberger_167.jpg
8329 21509 2319 3195 3521 11303 newfoundland_112.jpg
9225 24804 982 2868 1792 10505 beagle_143.jpg
11243 30350 796 3423 1201 3163 Persian_163.jpg
3634 18328 1066 5373 2549 19226 great_pyrenees_130.jpg
10480 19259 3040 3684 2746 10967 pomeranian_121.jpg
