### border=300, eps=15, min_samples=3, k=15, value_border=(1 / 15) * 0.5
### 所要時間 322.9894337654114 sec
8585 17694 4011 5541 3406 10939 Egyptian_Mau_118.jpg
11759 22965 1734 4199 2711 6808 Persian_105.jpg
8772 10110 4322 7615 3408 15949 Egyptian_Mau_123.jpg
21112 26086 1202 1085 92 599 keeshond_182.jpg
13992 23948 3585 1050 4233 3368 keeshond_137.jpg
2997 5334 2480 2023 14067 23275 scottish_terrier_183.jpg
9756 21098 1830 2573 7588 7331 keeshond_184.jpg
11615 17134 3785 2756 6924 7962 newfoundland_186.jpg
18033 19014 2726 2770 1830 5803 english_cocker_spaniel_105.jpg
7419 15581 5272 6154 5861 9889 pomeranian_175.jpg
12107 11737 5254 5657 4982 10439 leonberger_116.jpg
9281 8761 2788 6132 10487 12727 japanese_chin_15.jpg
11984 15928 3546 5080 4997 8641 Siamese_17.jpg
4300 8857 1617 2641 14813 17948 wheaten_terrier_122.jpg
5640 4706 1939 2220 14626 21045 leonberger_167.jpg
11280 18558 3263 2251 5040 9784 newfoundland_112.jpg
16401 17628 2200 1650 3411 8886 beagle_143.jpg
13597 27996 459 3760 539 3825 Persian_163.jpg
9801 12161 2356 4083 6759 15016 great_pyrenees_130.jpg
14792 14947 2994 3730 3795 9918 pomeranian_121.jpg
