### border=300, eps=15, min_samples=3, k=5, value_border=(1 / 5) * 1
### 所要時間 689.4255619049072 sec
4166 22113 3300 6252 2985 11360 Egyptian_Mau_118.jpg
7757 26967 1557 4376 2600 6919 Persian_105.jpg
6211 12671 3868 8069 2974 16383 Egyptian_Mau_123.jpg
10695 36503 21 2266 3 688 keeshond_182.jpg
7787 30153 2012 2623 790 6811 keeshond_137.jpg
0 8331 0 4503 15278 22064 scottish_terrier_183.jpg
1128 29726 1079 3324 6208 8711 keeshond_184.jpg
14132 14617 3763 2778 5793 9093 newfoundland_186.jpg
16402 20645 837 4659 67 7566 english_cocker_spaniel_105.jpg
7428 15572 2777 8649 3884 11866 pomeranian_175.jpg
4587 19257 5761 5150 8274 7147 leonberger_116.jpg
7475 10567 4317 4603 10980 12234 japanese_chin_15.jpg
15673 12239 5445 3181 5683 7955 Siamese_17.jpg
11226 1931 2162 2096 4425 28336 wheaten_terrier_122.jpg
8712 1634 2859 1300 12882 22789 leonberger_167.jpg
8500 21338 2228 3286 4178 10646 newfoundland_112.jpg
13107 20922 1022 2828 1664 10633 beagle_143.jpg
6071 35522 0 4219 0 4364 Persian_163.jpg
11606 10356 2247 4192 5903 15872 great_pyrenees_130.jpg
14531 15208 3795 2929 5321 8392 pomeranian_121.jpg
