### border=300, eps=15, min_samples=3, k=5, value_border=(1 / 5) * 0.8
### 所要時間 835.6498236656189 sec
17106 9173 6146 3406 4246 10099 Egyptian_Mau_118.jpg
22411 12313 2945 2988 3752 5767 Persian_105.jpg
14079 4803 6116 5821 4784 14573 Egyptian_Mau_123.jpg
33308 13890 1377 910 107 584 keeshond_182.jpg
25812 12128 4068 567 5166 2435 keeshond_137.jpg
4791 3540 2922 1581 22736 14606 scottish_terrier_183.jpg
16130 14724 2578 1825 12322 2597 keeshond_184.jpg
18393 10356 5234 1307 9288 5598 newfoundland_186.jpg
28175 8872 3402 2094 2551 5082 english_cocker_spaniel_105.jpg
14363 8637 7685 3741 10108 5642 pomeranian_175.jpg
18712 5132 8656 2255 9974 5447 leonberger_116.jpg
13451 4591 6038 2882 14388 8826 japanese_chin_15.jpg
18961 8951 6623 2003 8062 5576 Siamese_17.jpg
11402 1755 2475 1783 21252 11509 wheaten_terrier_122.jpg
8724 1622 3157 1002 22881 12790 leonberger_167.jpg
21241 8597 4113 1401 7105 7719 newfoundland_112.jpg
24125 9904 2722 1128 4916 7381 beagle_143.jpg
22416 19177 845 3374 1209 3155 Persian_163.jpg
14703 7259 4369 2070 11057 10718 great_pyrenees_130.jpg
20774 8965 4640 2084 7840 5873 pomeranian_121.jpg
