border=300, eps=[5, 6, 7, 8], min_samples=[5, 6, 7, 8, 9], max_rate=0.8
[['pet_dataset/Maine_Coon_162.jpg',
  9,
  5,
  [(15297, 1244, 92.47929387582371), (15297, 33518, 31.336679299395676)]],
 ['pet_dataset/Maine_Coon_133.jpg',
  9,
  5,
  [(5283, 630, 89.3455098934551), (5283, 43942, 10.732351447435246)]],
 ['pet_dataset/beagle_143.jpg',
  9,
  5,
  [(37192, 1256, 96.73325010403661), (37192, 11691, 76.08371008326003)]],
 ['pet_dataset/shiba_inu_183.jpg',
  9,
  5,
  [(1507, 885, 63.00167224080268), (1507, 45031, 3.238213932700159)]],
 ['pet_dataset/Maine_Coon_162.jpg',
  9,
  6,
  [(15674, 867, 94.7584789311408), (15674, 33635, 31.787300492810644)]],
 ['pet_dataset/Maine_Coon_133.jpg',
  9,
  6,
  [(5404, 509, 91.39184846947404), (5404, 44216, 10.890769850866587)]],
 ['pet_dataset/beagle_143.jpg',
  9,
  6,
  [(37954, 494, 98.71514773200167), (37954, 11718, 76.40924464487036)]],
 ['pet_dataset/shiba_inu_183.jpg',
  9,
  6,
  [(1696, 696, 70.90301003344482), (1696, 46461, 3.521814066490853)]],
 ['pet_dataset/Maine_Coon_162.jpg',
  9,
  7,
  [(15806, 735, 95.55649597968684), (15806, 33635, 31.96941809429421)]],
 ['pet_dataset/Maine_Coon_133.jpg',
  9,
  7,
  [(5509, 404, 93.16759682056485), (5509, 44482, 11.019983597047469)]],
 ['pet_dataset/beagle_143.jpg',
  9,
  7,
  [(38324, 124, 99.67748647523928), (38324, 11728, 76.56836889634779)]],
 ['pet_dataset/shiba_inu_183.jpg',
  9,
  7,
  [(1922, 470, 80.35117056856187), (1922, 46497, 3.969516099052025)]],
 ['pet_dataset/Maine_Coon_162.jpg',
  9,
  8,
  [(15897, 644, 96.10664409648751), (15897, 33635, 32.0944036178632)]],
 ['pet_dataset/Maine_Coon_133.jpg',
  9,
  8,
  [(5569, 344, 94.18231016404532), (5569, 44482, 11.126650816167508)]],
 ['pet_dataset/shiba_inu_183.jpg',
  9,
  8,
  [(2259, 133, 94.43979933110369), (2259, 47062, 4.580199103830012)]],
 ['pet_dataset/Maine_Coon_162.jpg',
  9,
  9,
  [(16059, 482, 97.08602865606674), (16059, 33635, 32.31577252787057)]],
 ['pet_dataset/Maine_Coon_133.jpg',
  9,
  9,
  [(5569, 344, 94.18231016404532), (5569, 44482, 11.126650816167508)]],
 ['pet_dataset/shiba_inu_183.jpg',
  9,
  9,
  [(2392, 0, 100.0), (2392, 47140, 4.82920132439635)]]]