###[count_in_bndbox, count_mapped, jpg_name]
###所要時間 4876.276859521866 sec
[[[18562, 11999, 60.73754131082098],
  [18562, 6171, 75.04952896939312],
  'Abyssinian_169.jpg'],
 [[13960, 9707, 58.98508471711666],
  [13960, 4606, 75.19120973823118],
  'Abyssinian_178.jpg'],
 [[1147, 2391, 32.41944601469757],
  [1147, 18945, 5.708739796934103],
  'Bengal_113.jpg'],
 [[3110, 1030, 75.1207729468599],
  [3110, 15973, 16.29722789917728],
  'Bengal_132.jpg'],
 [[22295, 28543, 43.85499036154058],
  [22295, 327, 98.5545044646804],
  'Birman_157.jpg'],
 [[4735, 1190, 79.915611814346],
  [4735, 19780, 19.314705282480116],
  'Bombay_166.jpg'],
 [[10621, 12319, 46.29904097646033],
  [10621, 6938, 60.48749928811436],
  'British_Shorthair_116.jpg'],
 [[11521, 5020, 69.65116982044617],
  [11521, 10421, 52.5066083310546],
  'Maine_Coon_162.jpg'],
 [[14354, 6804, 67.84195103506947],
  [14354, 5545, 72.13427810442735],
  'Persian_105.jpg'],
 [[3210, 35, 98.92141756548536],
  [3210, 18451, 14.819260421956512],
  'Persian_159.jpg'],
 [[11134, 16027, 40.99259968336954],
  [11134, 6603, 62.77273496081637],
  'Persian_163.jpg'],
 [[9112, 1836, 83.22981366459628],
  [9112, 8047, 53.1033276997494],
  'Persian_171.jpg'],
 [[22101, 20459, 51.92904135338346],
  [22101, 1328, 94.33181100345725],
  'Siamese_17.jpg'],
 [[8798, 1872, 82.45548266166823],
  [8798, 7155, 55.14950166112957],
  'Sphynx_119.jpg'],
 [[8082, 1618, 83.31958762886597],
  [8082, 13489, 37.46696954244124],
  'Sphynx_158.jpg'],
 [[5544, 1852, 74.95943753380206],
  [5544, 18585, 22.97650130548303],
  'Sphynx_164.jpg'],
 [[15154, 15806, 48.94702842377261],
  [15154, 3315, 82.05100438572744],
  'Sphynx_17.jpg'],
 [[10835, 3742, 74.32942306373053],
  [10835, 11619, 48.25420860425759],
  'american_bulldog_188.jpg'],
 [[9523, 2354, 80.18018018018019],
  [9523, 12037, 44.16975881261595],
  'american_pit_bull_terrier_181.jpg'],
 [[6841, 1799, 79.17824074074075],
  [6841, 16320, 29.536721212382886],
  'american_pit_bull_terrier_187.jpg'],
 [[25950, 37786, 40.714823647546126],
  [25950, 0, 100.0],
  'basset_hound_151.jpg'],
 [[19491, 18957, 50.69444444444444],
  [19491, 2921, 86.966803498126],
  'beagle_143.jpg'],
 [[21294, 24288, 46.71580887192313],
  [21294, 1925, 91.70937594211637],
  'chihuahua_11.jpg'],
 [[6322, 4850, 56.58789831722162],
  [6322, 8956, 41.37976174892002],
  'english_cocker_spaniel_177.jpg'],
 [[8317, 19393, 30.014435221941536],
  [8317, 7296, 53.2697111381541],
  'english_cocker_spaniel_186.jpg'],
 [[4026, 1948, 67.39203213927017],
  [4026, 11513, 25.90900315335607],
  'german_shorthaired_119.jpg'],
 [[6285, 5139, 55.015756302521005],
  [6285, 9591, 39.5880574452003],
  'havanese_122.jpg'],
 [[1821, 2267, 44.54500978473581],
  [1821, 21546, 7.793041468737964],
  'japanese_chin_106.jpg'],
 [[12531, 10682, 53.98268211777883],
  [12531, 5647, 68.93497634503245],
  'keeshond_182.jpg'],
 [[8337, 3177, 72.40750390828556],
  [8337, 9146, 47.68632385746153],
  'newfoundland_129.jpg'],
 [[4306, 4142, 50.97064393939394],
  [4306, 13936, 23.60486788729306],
  'newfoundland_180.jpg'],
 [[2740, 3500, 43.91025641025641],
  [2740, 20719, 11.67995225712946],
  'newfoundland_186.jpg'],
 [[6419, 3227, 66.54571843251088],
  [6419, 10138, 38.76910068249079],
  'newfoundland_190.jpg'],
 [[7483, 2637, 73.94268774703558],
  [7483, 14987, 33.30218068535826],
  'pug_15.jpg'],
 [[15131, 17253, 46.72369071146245],
  [15131, 6097, 71.27850009421519],
  'saint_bernard_178.jpg'],
 [[9193, 11135, 45.223337268791816],
  [9193, 4918, 65.1477570689533],
  'scottish_terrier_12.jpg'],
 [[6084, 4617, 56.854499579478556],
  [6084, 11506, 34.58783399658897],
  'scottish_terrier_183.jpg'],
 [[6336, 944, 87.03296703296704],
  [6336, 11045, 36.45359875726368],
  'yorkshire_terrier_106.jpg'],
 [[12135, 24970, 32.70448726586714],
  [12135, 5774, 67.75922720419901],
  'german_shorthaired_164.jpg'],
 [[12434, 12850, 49.17734535674735],
  [12434, 3656, 77.27781230577999],
  'scottish_terrier_174.jpg'],
 [[5796, 1981, 74.52745274527453],
  [5796, 12794, 31.178052716514255],
  'american_pit_bull_terrier_121.jpg'],
 [[4308, 177, 96.05351170568562],
  [4308, 15395, 21.86469065624524],
  'Sphynx_197.jpg'],
 [[1479, 2329, 38.839285714285715],
  [1479, 26111, 5.360637912287061],
  'Egyptian_Mau_123.jpg'],
 [[4487, 1426, 75.8836462032809],
  [4487, 10941, 29.083484573502723],
  'Maine_Coon_133.jpg'],
 [[11138, 3246, 77.43325917686317],
  [11138, 7548, 59.60612223054693],
  'Abyssinian_167.jpg'],
 [[8479, 2945, 74.22093837535014],
  [8479, 6190, 57.802167836935034],
  'Abyssinian_119.jpg'],
 [[2472, 4248, 36.785714285714285],
  [2472, 11510, 17.679874123873553],
  'Abyssinian_190.jpg'],
 [[13639, 11441, 54.38197767145135],
  [13639, 3481, 79.66705607476635],
  'Bengal_138.jpg'],
 [[14682, 20287, 41.98575881495039],
  [14682, 7911, 64.98472978356128],
  'Bombay_164.jpg'],
 [[15726, 21894, 41.802232854864435],
  [15726, 6661, 70.2461249832492],
  'Bombay_189.jpg'],
 [[9651, 11544, 45.53432413305025],
  [9651, 4576, 67.83580515920433],
  'pomeranian_147.jpg'],
 [[10188, 4196, 70.82869855394883],
  [10188, 8317, 55.055390435017564],
  'beagle_179.jpg'],
 [[10171, 12929, 44.03030303030303],
  [10171, 6433, 61.25632377740303],
  'Bengal_160.jpg'],
 [[12431, 4666, 72.70866233842195],
  [12431, 7149, 63.48825331971399],
  'Maine_Coon_217.jpg'],
 [[5117, 2151, 70.40451293340672],
  [5117, 12323, 29.34059633027523],
  'pomeranian_190.jpg'],
 [[16822, 19253, 46.630630630630634], [16822, 0, 100.0], 'pug_122.jpg'],
 [[16424, 5036, 76.53308480894688],
  [16424, 1190, 93.24401044623595],
  'pomeranian_136.jpg'],
 [[12141, 3979, 75.31637717121588],
  [12141, 5054, 70.60773480662984],
  'Maine_Coon_191.jpg'],
 [[12815, 2431, 84.05483405483406],
  [12815, 8600, 59.841232780761146],
  'japanese_chin_15.jpg'],
 [[14515, 5451, 72.69858759891817],
  [14515, 2083, 87.45029521629112],
  'Ragdoll_148.jpg'],
 [[11331, 17739, 38.978328173374614],
  [11331, 5426, 67.6195022975473],
  'chihuahua_14.jpg'],
 [[4533, 2397, 65.41125541125541],
  [4533, 11069, 29.053967440071787],
  'miniature_pinscher_101.jpg'],
 [[6895, 845, 89.08268733850129],
  [6895, 13522, 33.770877210167995],
  'wheaten_terrier_122.jpg'],
 [[11349, 17381, 39.502262443438916],
  [11349, 5730, 66.45002634814685],
  'Abyssinian_112.jpg'],
 [[4221, 2027, 67.55761843790013],
  [4221, 11385, 27.047289504036907],
  'american_pit_bull_terrier_151.jpg'],
 [[13609, 12053, 53.03172005299665],
  [13609, 5428, 71.48710406051373],
  'japanese_chin_110.jpg'],
 [[7714, 434, 94.67353951890034],
  [7714, 20055, 27.779178220317622],
  'pomeranian_122.jpg'],
 [[9146, 2554, 78.17094017094017],
  [9146, 12614, 42.03125],
  'pomeranian_175.jpg'],
 [[8466, 2038, 80.5978674790556],
  [8466, 7720, 52.30446064500185],
  'great_pyrenees_134.jpg'],
 [[11384, 2728, 80.66893424036282],
  [11384, 15054, 43.059232922308794],
  'keeshond_137.jpg'],
 [[5815, 3129, 65.01565295169947],
  [5815, 15874, 26.810825764212275],
  'leonberger_116.jpg'],
 [[26003, 10285, 71.6572971781305],
  [26003, 3772, 87.33165407220822],
  'newfoundland_112.jpg'],
 [[3473, 4506, 43.52675773906505],
  [3473, 18345, 15.918049317077642],
  'scottish_terrier_122.jpg'],
 [[3917, 1763, 68.96126760563381],
  [3917, 18510, 17.465554911490614],
  'Bombay_172.jpg'],
 [[16231, 8854, 64.70400637831374],
  [16231, 10224, 61.35324135324135],
  'Bombay_131.jpg']]