### border=300, eps=15, min_samples=5, k=15, value_border=(1 / 15) * 0.8
### 所要時間 235.93282294273376 sec
8516 31922 1570 1881 1539 4748 basset_hound_23.jpg
11019 25729 1024 4758 2857 4789 boxer_64.jpg
6760 16546 2100 3161 7201 14408 newfoundland_198.jpg
5128 11697 1083 5729 5286 21253 Sphynx_72.jpg
11884 28783 679 4070 756 4004 keeshond_6.jpg
11782 14788 2604 5063 2614 13325 chihuahua_38.jpg
5412 15876 3226 5218 3436 17008 Siamese_210.jpg
6286 19993 2553 6999 1958 12387 Egyptian_Mau_118.jpg
8427 26297 1382 4551 2225 7294 Persian_105.jpg
15563 31635 1208 1079 93 598 keeshond_182.jpg
4062 8206 1329 7922 3379 25278 Sphynx_46.jpg
14633 24592 1417 3357 1619 4558 Birman_68.jpg
5757 9803 3219 7011 5589 18797 chihuahua_9.jpg
6194 10314 4787 11570 4982 12329 Ragdoll_52.jpg
10166 24632 1953 3642 2394 7389 basset_hound_22.jpg
2367 5964 2077 2426 10745 26597 scottish_terrier_183.jpg
8073 13261 3656 7182 3466 14538 chihuahua_61.jpg
2582 7246 1723 5908 12981 19736 Egyptian_Mau_52.jpg
3876 8536 2533 4293 10908 20030 Sphynx_230.jpg
6668 18706 2156 4138 3156 15352 Ragdoll_53.jpg
6717 22032 2829 3712 4414 10472 newfoundland_186.jpg
9876 18088 1629 7676 3069 9838 Bombay_21.jpg
436 1426 1381 2309 9210 35414 shiba_inu_93.jpg
13200 25114 1569 5030 1190 4073 Egyptian_Mau_80.jpg
1209 6571 805 4766 6523 30302 Bengal_113.jpg
