### border=300, eps=15, min_samples=3, k=11, value_border=(1 / 11) * 0
### 所要時間 396.31497049331665 sec
10882 15397 4706 4846 3089 11256 Egyptian_Mau_118.jpg
15929 18795 1922 4011 2812 6707 Persian_105.jpg
9299 9583 5737 6200 4178 15179 Egyptian_Mau_123.jpg
22997 24201 1358 929 105 586 keeshond_182.jpg
16832 21108 3722 913 4620 2981 keeshond_137.jpg
3537 4794 2540 1963 17871 19471 scottish_terrier_183.jpg
11706 19148 2472 1931 9325 5594 keeshond_184.jpg
12916 15833 4777 1764 7737 7149 newfoundland_186.jpg
20466 16581 3124 2372 2423 5210 english_cocker_spaniel_105.jpg
9313 13687 5836 5590 6972 8778 pomeranian_175.jpg
13436 10408 6416 4495 5992 9429 leonberger_116.jpg
10305 7737 5163 3757 11501 11713 japanese_chin_15.jpg
13293 14619 4555 4071 6270 7368 Siamese_17.jpg
4954 8203 1813 2445 17566 15195 wheaten_terrier_122.jpg
6500 3846 2186 1973 17666 18005 leonberger_167.jpg
13526 16312 3686 1828 5489 9335 newfoundland_112.jpg
19598 14431 2402 1448 3861 8436 beagle_143.jpg
15877 25716 481 3738 1114 3250 Persian_163.jpg
10954 11008 2861 3578 8242 13533 great_pyrenees_130.jpg
17135 12604 3740 2984 5351 8362 pomeranian_121.jpg
