### border=300, eps=15, min_samples=7, k=15, value_border=(1 / 15) * 1
### 所要時間 126.85698652267456 sec
1383 24896 290 9262 236 14109 Egyptian_Mau_118.jpg
3358 31366 361 5572 1046 8473 Persian_105.jpg
3292 15590 1296 10641 1310 18047 Egyptian_Mau_123.jpg
2772 44426 1 2286 2 689 keeshond_182.jpg
1305 36635 1286 3349 486 7115 keeshond_137.jpg
2953 5378 733 3770 4430 32912 scottish_terrier_183.jpg
695 30159 0 4403 1667 13252 keeshond_184.jpg
1042 27707 636 5905 836 14050 newfoundland_186.jpg
2823 34224 307 5189 91 7542 english_cocker_spaniel_105.jpg
500 22500 1166 10260 1666 14084 pomeranian_175.jpg
1085 22759 1556 9355 1707 13714 leonberger_116.jpg
1144 16898 722 8198 257 22957 japanese_chin_15.jpg
1708 26204 854 7772 65 13573 Siamese_17.jpg
414 12743 304 3954 1276 31485 wheaten_terrier_122.jpg
829 9517 222 3937 2126 33545 leonberger_167.jpg
1628 28210 1175 4339 1190 13634 newfoundland_112.jpg
3764 30265 253 3597 328 11969 beagle_143.jpg
3155 38438 279 3940 30 4334 Persian_163.jpg
2674 19288 664 5775 573 21202 great_pyrenees_130.jpg
1286 28453 308 6416 60 13653 pomeranian_121.jpg
