### border=300, eps=15, min_samples=7, k=5, value_border=(1 / 5) * 0
### 所要時間 232.25966620445251 sec
4797 21482 2327 7225 2152 12193 Egyptian_Mau_118.jpg
9449 25275 1447 4486 2703 6816 Persian_105.jpg
8610 10272 4512 7425 2431 16926 Egyptian_Mau_123.jpg
11412 35786 749 1538 78 613 keeshond_182.jpg
5200 32740 3192 1443 3466 4135 keeshond_137.jpg
1710 6621 1395 3108 4994 32348 scottish_terrier_183.jpg
1098 29756 805 3598 6846 8073 keeshond_184.jpg
7291 21458 2189 4352 2972 11914 newfoundland_186.jpg
10211 26836 701 4795 321 7312 english_cocker_spaniel_105.jpg
2712 20288 4216 7210 3174 12576 pomeranian_175.jpg
7346 16498 3334 7577 3625 11796 leonberger_116.jpg
4015 14027 1414 7506 3665 19549 japanese_chin_15.jpg
4591 23321 2644 5982 2861 10777 Siamese_17.jpg
3193 9964 924 3334 9546 23215 wheaten_terrier_122.jpg
3054 7292 753 3406 5944 29727 leonberger_167.jpg
8322 21516 2566 2948 3869 10955 newfoundland_112.jpg
12864 21165 1679 2171 2309 9988 beagle_143.jpg
10185 31408 581 3638 130 4234 Persian_163.jpg
6019 15943 1800 4639 7115 14660 great_pyrenees_130.jpg
7186 22553 1922 4802 1218 12495 pomeranian_121.jpg
