### border=300, eps=15, min_samples=7, k=9, value_border=(1 / 9) * 0.5
### 所要時間 151.73870706558228 sec
3819 22460 1307 8245 1514 12831 Egyptian_Mau_118.jpg
7031 27693 949 4984 2406 7113 Persian_105.jpg
6864 12018 4155 7782 2018 17339 Egyptian_Mau_123.jpg
8208 38990 570 1717 63 628 keeshond_182.jpg
3400 34540 2729 1906 2582 5019 keeshond_137.jpg
1127 7204 894 3609 3846 33496 scottish_terrier_183.jpg
1098 29756 618 3785 4902 10017 keeshond_184.jpg
3979 24770 1836 4705 2491 12395 newfoundland_186.jpg
6624 30423 539 4957 315 7318 english_cocker_spaniel_105.jpg
2080 20920 2914 8512 2821 12929 pomeranian_175.jpg
5308 18536 2720 8191 2519 12902 leonberger_116.jpg
3632 14410 1288 7632 1937 21277 japanese_chin_15.jpg
3312 24600 1741 6885 1320 12318 Siamese_17.jpg
791 12366 480 3778 8038 24723 wheaten_terrier_122.jpg
2525 7821 776 3383 4630 31041 leonberger_167.jpg
5654 24184 2172 3342 2837 11987 newfoundland_112.jpg
9987 24042 1439 2411 1395 10902 beagle_143.jpg
7376 34217 279 3940 30 4334 Persian_163.jpg
3969 17993 1173 5266 4281 17494 great_pyrenees_130.jpg
4734 25005 1153 5571 699 13014 pomeranian_121.jpg
