### border=300, eps=15, min_samples=7, k=15, value_border=(1 / 15) * 0.5
### 所要時間 127.43701171875 sec
2670 23609 1173 8379 1208 13137 Egyptian_Mau_118.jpg
6049 28675 631 5302 1690 7829 Persian_105.jpg
5077 13805 3223 8714 1952 17405 Egyptian_Mau_123.jpg
6235 40963 537 1750 37 654 keeshond_182.jpg
2707 35233 2105 2530 2009 5592 keeshond_137.jpg
2953 5378 733 3770 4430 32912 scottish_terrier_183.jpg
811 30043 477 3926 3993 10926 keeshond_184.jpg
2580 26169 1386 5155 2077 12809 newfoundland_186.jpg
4643 32404 392 5104 281 7352 english_cocker_spaniel_105.jpg
1298 21702 2452 8974 2227 13523 pomeranian_175.jpg
3787 20057 2061 8850 2107 13314 leonberger_116.jpg
2282 15760 850 8070 1601 21613 japanese_chin_15.jpg
2453 25459 1523 7103 688 12950 Siamese_17.jpg
782 12375 439 3819 4987 27774 wheaten_terrier_122.jpg
1636 8710 547 3612 3717 31954 leonberger_167.jpg
3677 26161 1717 3797 2144 12680 newfoundland_112.jpg
7612 26417 1284 2566 1349 10948 beagle_143.jpg
5503 36090 279 3940 30 4334 Persian_163.jpg
2683 19279 856 5583 3191 18584 great_pyrenees_130.jpg
3441 26298 906 5818 522 13191 pomeranian_121.jpg
