### border=300, eps=15, min_samples=5, k=11, value_border=(1 / 11) * 0.8
### 所要時間 290.6079189777374 sec
10872 29566 1620 1831 1686 4601 basset_hound_23.jpg
12972 23776 895 4887 3283 4363 boxer_64.jpg
7901 15405 2362 2899 7448 14161 newfoundland_198.jpg
5811 11014 1619 5193 6029 20510 Sphynx_72.jpg
13369 27298 1098 3651 1018 3742 keeshond_6.jpg
13835 12735 2818 4849 2842 13097 chihuahua_38.jpg
7028 14260 3933 4511 3880 16564 Siamese_210.jpg
6475 19804 3210 6342 2780 11565 Egyptian_Mau_118.jpg
9265 25459 1532 4401 2491 7028 Persian_105.jpg
18739 28459 1168 1119 88 603 keeshond_182.jpg
4741 7527 1345 7906 4310 24347 Sphynx_46.jpg
16539 22686 1660 3114 1886 4291 Birman_68.jpg
6510 9050 4100 6130 6094 18292 chihuahua_9.jpg
7267 9241 5800 10557 5382 11929 Ragdoll_52.jpg
11721 23077 2068 3527 2637 7146 basset_hound_22.jpg
2521 5810 2075 2428 12980 24362 scottish_terrier_183.jpg
9562 11772 3899 6939 3845 14159 chihuahua_61.jpg
2992 6836 2035 5596 14469 18248 Egyptian_Mau_52.jpg
4720 7692 2599 4227 12277 18661 Sphynx_230.jpg
8777 16597 2709 3585 3240 15268 Ragdoll_53.jpg
8448 20301 3327 3214 5131 9755 newfoundland_186.jpg
11231 16733 3028 6277 3376 9531 Bombay_21.jpg
544 1318 1693 1997 10991 33633 shiba_inu_93.jpg
16337 21977 1812 4787 1669 3594 Egyptian_Mau_80.jpg
1576 6204 1113 4458 7736 29089 Bengal_113.jpg
