### border=300, eps=15, min_samples=5, k=5, value_border=(1 / 5) * 0
### 所要時間 524.5463235378265 sec
11328 14951 4572 4980 3038 11307 Egyptian_Mau_118.jpg
15666 19058 2594 3339 3099 6420 Persian_105.jpg
13353 5529 6033 5904 4395 14962 Egyptian_Mau_123.jpg
23961 23237 1356 931 104 587 keeshond_182.jpg
19266 18674 4011 624 5017 2584 keeshond_137.jpg
4329 4002 3164 1339 17138 20204 scottish_terrier_183.jpg
10086 20768 1608 2795 8699 6220 keeshond_184.jpg
14336 14413 4415 2126 7283 7603 newfoundland_186.jpg
24826 12221 3269 2227 1845 5788 english_cocker_spaniel_105.jpg
9773 13227 6396 5030 8208 7542 pomeranian_175.jpg
13674 10170 6812 4099 4881 10540 leonberger_116.jpg
10727 7315 4441 4479 7530 15684 japanese_chin_15.jpg
14826 13086 4519 4107 6755 6883 Siamese_17.jpg
10190 2967 1800 2458 15889 16872 wheaten_terrier_122.jpg
7308 3038 2192 1967 16232 19439 leonberger_167.jpg
18245 11593 3683 1831 4621 10203 newfoundland_112.jpg
18176 15853 2152 1698 3232 9065 beagle_143.jpg
18562 23031 806 3413 1064 3300 Persian_163.jpg
9677 12285 3810 2629 10037 11738 great_pyrenees_130.jpg
19097 10642 3858 2866 6237 7476 pomeranian_121.jpg
