### border=300, eps=15, min_samples=5, k=7, value_border=(1 / 7) * 1
### 所要時間 390.72427344322205 sec
5449 20830 1408 8144 1596 12749 Egyptian_Mau_118.jpg
2901 31823 1975 3958 2947 6572 Persian_105.jpg
3446 15436 1860 10077 2241 17116 Egyptian_Mau_123.jpg
12846 34352 630 1657 26 665 keeshond_182.jpg
10525 27415 1448 3187 520 7081 keeshond_137.jpg
1067 7264 1012 3491 7500 29842 scottish_terrier_183.jpg
7045 23809 141 4262 21 14898 keeshond_184.jpg
8074 20675 2561 3980 3816 11070 newfoundland_186.jpg
11041 26006 460 5036 128 7505 english_cocker_spaniel_105.jpg
5034 17966 2193 9233 3809 11941 pomeranian_175.jpg
2352 21492 3702 7209 3404 12017 leonberger_116.jpg
4437 13605 3099 5821 6969 16245 japanese_chin_15.jpg
5260 22652 2652 5974 4149 9489 Siamese_17.jpg
933 12224 516 3742 10461 22300 wheaten_terrier_122.jpg
515 9831 698 3461 8291 27380 leonberger_167.jpg
4381 25457 730 4784 1999 12825 newfoundland_112.jpg
5912 28117 422 3428 891 11406 beagle_143.jpg
9780 31813 806 3413 1064 3300 Persian_163.jpg
5414 16548 848 5591 2276 19499 great_pyrenees_130.jpg
5572 24167 802 5922 2308 11405 pomeranian_121.jpg
