### border=300, eps=15, min_samples=5, k=9, value_border=(1 / 9) * 0.8
### 所要時間 326.3666093349457 sec
13420 27018 1813 1638 1692 4595 basset_hound_23.jpg
13652 23096 1094 4688 3558 4088 boxer_64.jpg
8759 14547 2591 2670 8008 13601 newfoundland_198.jpg
6193 10632 2209 4603 7002 19537 Sphynx_72.jpg
14766 25901 1098 3651 1018 3742 keeshond_6.jpg
14408 12162 3068 4599 2985 12954 chihuahua_38.jpg
7248 14040 4504 3940 4168 16276 Siamese_210.jpg
7118 19161 3655 5897 2807 11538 Egyptian_Mau_118.jpg
10572 24152 1571 4362 2569 6950 Persian_105.jpg
19666 27532 1344 943 103 588 keeshond_182.jpg
5302 6966 1755 7496 4885 23772 Sphynx_46.jpg
17439 21786 1726 3048 1905 4272 Birman_68.jpg
6763 8797 4452 5778 6768 17618 chihuahua_9.jpg
8242 8266 6380 9977 5395 11916 Ragdoll_52.jpg
12884 21914 2189 3406 2650 7133 basset_hound_22.jpg
3389 4942 2749 1754 13653 23689 scottish_terrier_183.jpg
10335 10999 4530 6308 3807 14197 chihuahua_61.jpg
3530 6298 2719 4912 14970 17747 Egyptian_Mau_52.jpg
4751 7661 3109 3717 12711 18227 Sphynx_230.jpg
8588 16786 2836 3458 3892 14616 Ragdoll_53.jpg
9455 19294 3774 2767 6141 8745 newfoundland_186.jpg
13199 14765 2847 6458 3782 9125 Bombay_21.jpg
587 1275 2044 1646 11471 33153 shiba_inu_93.jpg
18855 19459 2305 4294 1583 3680 Egyptian_Mau_80.jpg
1696 6084 1141 4430 10147 26678 Bengal_113.jpg
