### border=300, eps=15, min_samples=5, k=11, value_border=(1 / 11) * 0.5
### 所要時間 283.1188533306122 sec
6475 19804 3210 6342 2780 11565 Egyptian_Mau_118.jpg
9265 25459 1532 4401 2491 7028 Persian_105.jpg
9195 9687 5498 6439 3992 15365 Egyptian_Mau_123.jpg
18739 28459 1168 1119 88 603 keeshond_182.jpg
11504 26436 3627 1008 4576 3025 keeshond_137.jpg
2521 5810 2075 2428 12980 24362 scottish_terrier_183.jpg
5554 25300 1344 3059 6710 8209 keeshond_184.jpg
8448 20301 3327 3214 5131 9755 newfoundland_186.jpg
18218 18829 2045 3451 1676 5957 english_cocker_spaniel_105.jpg
5912 17088 4717 6709 4739 11011 pomeranian_175.jpg
9099 14745 4019 6892 3436 11985 leonberger_116.jpg
7092 10950 2636 6284 4823 18391 japanese_chin_15.jpg
9894 18018 3918 4708 4527 9111 Siamese_17.jpg
2914 10243 1174 3084 11958 20803 wheaten_terrier_122.jpg
4369 5977 823 3336 11490 24181 leonberger_167.jpg
9294 20544 2847 2667 3628 11196 newfoundland_112.jpg
13539 20490 1802 2048 2296 10001 beagle_143.jpg
13646 27947 475 3744 428 3936 Persian_163.jpg
6400 15562 2297 4142 6766 15009 great_pyrenees_130.jpg
12825 16914 2890 3834 2320 11393 pomeranian_121.jpg
