### border=300, eps=15, min_samples=7, k=9, value_border=(1 / 9) * 1
### 所要時間 150.65058970451355 sec
2726 23553 648 8904 99 14246 Egyptian_Mau_118.jpg
3462 31262 631 5302 2089 7430 Persian_105.jpg
5137 13745 1610 10327 1185 18172 Egyptian_Mau_123.jpg
4920 42278 255 2032 17 674 keeshond_182.jpg
2619 35321 1870 2765 771 6830 keeshond_137.jpg
0 8331 0 4503 880 36462 scottish_terrier_183.jpg
974 29880 0 4403 1102 13817 keeshond_184.jpg
876 27873 708 5833 830 14056 newfoundland_186.jpg
3492 33555 465 5031 128 7505 english_cocker_spaniel_105.jpg
2023 20977 2227 9199 1417 14333 pomeranian_175.jpg
3439 20405 922 9989 1006 14415 leonberger_116.jpg
819 17223 1151 7769 360 22854 japanese_chin_15.jpg
1821 26091 697 7929 72 13566 Siamese_17.jpg
423 12734 345 3913 5263 27498 wheaten_terrier_122.jpg
208 10138 179 3980 2949 32722 leonberger_167.jpg
3202 26636 1170 4344 1288 13536 newfoundland_112.jpg
3518 30511 386 3464 347 11950 beagle_143.jpg
3967 37626 0 4219 0 4364 Persian_163.jpg
3444 18518 572 5867 1336 20439 great_pyrenees_130.jpg
2525 27214 506 6218 95 13618 pomeranian_121.jpg
