### border=300, eps=15, min_samples=3, k=9, value_border=(1 / 9) * 0
### 所要時間 446.86582922935486 sec
12012 14267 5047 4505 3743 10602 Egyptian_Mau_118.jpg
16474 18250 1960 3973 2694 6825 Persian_105.jpg
9999 8883 5928 6009 4616 14741 Egyptian_Mau_123.jpg
27443 19755 1365 922 103 588 keeshond_182.jpg
17540 20400 4098 537 5051 2550 keeshond_137.jpg
4023 4308 2739 1764 17646 19696 scottish_terrier_183.jpg
12727 18127 2454 1949 9219 5700 keeshond_184.jpg
15464 13285 4808 1733 7874 7012 newfoundland_186.jpg
23620 13427 3137 2359 2524 5109 english_cocker_spaniel_105.jpg
9392 13608 6490 4936 8691 7059 pomeranian_175.jpg
14449 9395 6772 4139 8514 6907 leonberger_116.jpg
11195 6847 4486 4434 13142 10072 japanese_chin_15.jpg
15224 12688 4768 3858 6669 6969 Siamese_17.jpg
5450 7707 2306 1952 17741 15020 wheaten_terrier_122.jpg
7104 3242 2682 1477 18535 17136 leonberger_167.jpg
15528 14310 4045 1469 6380 8444 newfoundland_112.jpg
21017 13012 2363 1487 3691 8606 beagle_143.jpg
16392 25201 796 3423 1201 3163 Persian_163.jpg
11785 10177 3405 3034 8629 13146 great_pyrenees_130.jpg
17698 12041 4024 2700 5357 8356 pomeranian_121.jpg
