### border=300, eps=15, min_samples=7, k=7, value_border=(1 / 7) * 1
### 所要時間 176.83088636398315 sec
4126 22153 957 8595 125 14220 Egyptian_Mau_118.jpg
2946 31778 621 5312 2035 7484 Persian_105.jpg
3964 14918 694 11243 145 19212 Egyptian_Mau_123.jpg
6606 40592 255 2032 17 674 keeshond_182.jpg
1744 36196 1942 2693 309 7292 keeshond_137.jpg
0 8331 0 4503 880 36462 scottish_terrier_183.jpg
1088 29766 373 4030 2058 12861 keeshond_184.jpg
2390 26359 1304 5237 1467 13419 newfoundland_186.jpg
6426 30621 474 5022 132 7501 english_cocker_spaniel_105.jpg
1666 21334 846 10580 981 14769 pomeranian_175.jpg
3739 20105 96 10815 25 15396 leonberger_116.jpg
2637 15405 1414 7506 1288 21926 japanese_chin_15.jpg
3615 24297 1613 7013 152 13486 Siamese_17.jpg
866 12291 542 3716 4090 28671 wheaten_terrier_122.jpg
211 10135 219 3940 4419 31252 leonberger_167.jpg
4235 25603 1721 3793 3252 11572 newfoundland_112.jpg
4875 29154 146 3704 23 12274 beagle_143.jpg
5213 36380 0 4219 0 4364 Persian_163.jpg
1073 20889 237 6202 316 21459 great_pyrenees_130.jpg
3748 25991 168 6556 8 13705 pomeranian_121.jpg
