### border=300, eps=15, min_samples=5, k=7, value_border=(1 / 7) * 0.8
### 所要時間 397.7610423564911 sec
14029 26409 1952 1499 1878 4409 basset_hound_23.jpg
15452 21296 1469 4313 3876 3770 boxer_64.jpg
10220 13086 2771 2490 9189 12420 newfoundland_198.jpg
6996 9829 2577 4235 7399 19140 Sphynx_72.jpg
15600 25067 1590 3159 1183 3577 keeshond_6.jpg
15739 10831 3419 4248 3505 12434 chihuahua_38.jpg
8268 13020 4472 3972 5729 14715 Siamese_210.jpg
10087 16192 3784 5768 2820 11525 Egyptian_Mau_118.jpg
12526 22198 2236 3697 2961 6558 Persian_105.jpg
21637 25561 1352 935 103 588 keeshond_182.jpg
5342 6926 1501 7750 5861 22796 Sphynx_46.jpg
20078 19147 1824 2950 1887 4290 Birman_68.jpg
7393 8167 5018 5212 7956 16430 chihuahua_9.jpg
8882 7626 6570 9787 6216 11095 Ragdoll_52.jpg
15805 18993 2232 3363 2842 6941 basset_hound_22.jpg
4155 4176 3208 1295 15283 22059 scottish_terrier_183.jpg
12225 9109 5080 5758 4166 13838 chihuahua_61.jpg
4016 5812 2885 4746 16198 16519 Egyptian_Mau_52.jpg
4867 7545 2875 3951 17243 13695 Sphynx_230.jpg
9977 15397 2973 3321 3957 14551 Ragdoll_53.jpg
11732 17017 3690 2851 5787 9099 newfoundland_186.jpg
14839 13125 3838 5467 4670 8237 Bombay_21.jpg
764 1098 1805 1885 13517 31107 shiba_inu_93.jpg
21307 17007 2562 4037 1605 3658 Egyptian_Mau_80.jpg
2377 5403 1107 4464 11791 25034 Bengal_113.jpg
