### border=300, eps=15, min_samples=7, k=5, value_border=(1 / 5) * 1
### 所要時間 231.4570562839508 sec
1733 24546 1648 7904 1060 13285 Egyptian_Mau_118.jpg
7076 27648 1447 4486 2703 6816 Persian_105.jpg
4619 14263 2353 9584 487 18870 Egyptian_Mau_123.jpg
4939 42259 722 1565 77 614 keeshond_182.jpg
4020 33920 2349 2286 545 7056 keeshond_137.jpg
0 8331 0 4503 1836 35506 scottish_terrier_183.jpg
1088 29766 373 4030 644 14275 keeshond_184.jpg
5462 23287 1400 5141 1510 13376 newfoundland_186.jpg
8397 28650 627 4869 134 7499 english_cocker_spaniel_105.jpg
2711 20289 3758 7668 1453 14297 pomeranian_175.jpg
3089 20755 2030 8881 1327 14094 leonberger_116.jpg
2637 15405 1414 7506 437 22777 japanese_chin_15.jpg
405 27507 915 7711 2738 10900 Siamese_17.jpg
3193 9964 900 3358 4239 28522 wheaten_terrier_122.jpg
211 10135 219 3940 3197 32474 leonberger_167.jpg
4843 24995 602 4912 1918 12906 newfoundland_112.jpg
5341 28688 936 2914 1555 10742 beagle_143.jpg
5461 36132 0 4219 0 4364 Persian_163.jpg
5749 16213 1229 5210 3781 17994 great_pyrenees_130.jpg
4718 25021 1020 5704 626 13087 pomeranian_121.jpg
