### border=300, eps=15, min_samples=3, k=7, value_border=(1 / 7) * 1
### 所要時間 544.3983521461487 sec
7732 18547 3985 5567 2907 11438 Egyptian_Mau_118.jpg
5411 29313 673 5260 2247 7272 Persian_105.jpg
8792 10090 1509 10428 2396 16961 Egyptian_Mau_123.jpg
19766 27432 17 2270 3 688 keeshond_182.jpg
10931 27009 2120 2515 706 6895 keeshond_137.jpg
0 8331 0 4503 4248 33094 scottish_terrier_183.jpg
10825 20029 768 3635 456 14463 keeshond_184.jpg
3461 25288 646 5895 1516 13370 newfoundland_186.jpg
19545 17502 2470 3026 539 7094 english_cocker_spaniel_105.jpg
6487 16513 4449 6977 3658 12092 pomeranian_175.jpg
10960 12884 1336 9575 3559 11862 leonberger_116.jpg
9776 8266 4153 4767 8928 14286 japanese_chin_15.jpg
4039 23873 1177 7449 4174 9464 Siamese_17.jpg
2742 10415 1660 2598 14359 18402 wheaten_terrier_122.jpg
3165 7181 564 3595 9697 25974 leonberger_167.jpg
10761 19077 2050 3464 4991 9833 newfoundland_112.jpg
8225 25804 712 3138 1483 10814 beagle_143.jpg
8069 33524 845 3374 1209 3155 Persian_163.jpg
7090 14872 938 5501 2498 19277 great_pyrenees_130.jpg
7686 22053 696 6028 342 13371 pomeranian_121.jpg
