### border=300, eps=15, min_samples=3, k=13, value_border=(1 / 13) * 0
### 所要時間 357.27032947540283 sec
8899 17380 4513 5039 3354 10991 Egyptian_Mau_118.jpg
13085 21639 1872 4061 2765 6754 Persian_105.jpg
9469 9413 4804 7133 4059 15298 Egyptian_Mau_123.jpg
21407 25791 1236 1051 99 592 keeshond_182.jpg
15412 22528 3386 1249 4725 2876 keeshond_137.jpg
3460 4871 2660 1843 15294 22048 scottish_terrier_183.jpg
11008 19846 1792 2611 8445 6474 keeshond_184.jpg
11894 16855 4234 2307 7246 7640 newfoundland_186.jpg
18442 18605 2571 2925 2063 5570 english_cocker_spaniel_105.jpg
8367 14633 5394 6032 5894 9856 pomeranian_175.jpg
13087 10757 5788 5123 5213 10208 leonberger_116.jpg
9879 8163 3382 5538 10790 12424 japanese_chin_15.jpg
12544 15368 3891 4735 5063 8575 Siamese_17.jpg
4042 9115 1941 2317 15854 16907 wheaten_terrier_122.jpg
5588 4758 2141 2018 15776 19895 leonberger_167.jpg
11957 17881 3573 1941 5248 9576 newfoundland_112.jpg
17412 16617 2182 1668 3399 8898 beagle_143.jpg
14251 27342 481 3738 1114 3250 Persian_163.jpg
10255 11707 2550 3889 7759 14016 great_pyrenees_130.jpg
16280 13459 3532 3192 4274 9439 pomeranian_121.jpg
