### border=300, eps=15, min_samples=5, k=10, value_border=(1 / 10) * 1
### 所要時間 303.26039361953735 sec
6710 33728 556 2895 167 6120 basset_hound_23.jpg
5965 30783 191 5591 1547 6099 boxer_64.jpg
4269 19037 490 4771 498 21111 newfoundland_198.jpg
70 16755 223 6589 1888 24651 Sphynx_72.jpg
9362 31305 883 3866 632 4128 keeshond_6.jpg
9436 17134 1735 5932 2415 13524 chihuahua_38.jpg
5792 15496 2272 6172 1299 19145 Siamese_210.jpg
2542 23737 2010 7542 1741 12604 Egyptian_Mau_118.jpg
5553 29171 1016 4917 1177 8342 Persian_105.jpg
11678 35520 0 2287 0 691 keeshond_182.jpg
3503 8765 992 8259 538 28119 Sphynx_46.jpg
7169 32056 970 3804 1493 4684 Birman_68.jpg
6247 9313 2482 7748 2025 22361 chihuahua_9.jpg
4185 12323 2931 13426 2343 14968 Ragdoll_52.jpg
7732 27066 934 4661 1107 8676 basset_hound_22.jpg
0 8331 0 4503 4471 32871 scottish_terrier_183.jpg
7362 13972 1974 8864 2225 15779 chihuahua_61.jpg
2159 7669 1683 5948 8694 24023 Egyptian_Mau_52.jpg
2787 9625 926 5900 5873 25065 Sphynx_230.jpg
1600 23774 473 5821 1281 17227 Ragdoll_53.jpg
3679 25070 1598 4943 2540 12346 newfoundland_186.jpg
5687 22277 1530 7775 2780 10127 Bombay_21.jpg
764 1098 1406 2284 943 43681 shiba_inu_93.jpg
5712 32602 1130 5469 1369 3894 Egyptian_Mau_80.jpg
413 7367 471 5100 3598 33227 Bengal_113.jpg
