### border=300, eps=15, min_samples=5, k=13, value_border=(1 / 13) * 0.8
### 所要時間 257.4875330924988 sec
9958 30480 1716 1735 1640 4647 basset_hound_23.jpg
11230 25518 1128 4654 3251 4395 boxer_64.jpg
7844 15462 2229 3032 7197 14412 newfoundland_198.jpg
5631 11194 1436 5376 5453 21086 Sphynx_72.jpg
12474 28193 1023 3726 1011 3749 keeshond_6.jpg
12803 13767 2806 4861 2618 13321 chihuahua_38.jpg
6254 15034 3805 4639 3517 16927 Siamese_210.jpg
6373 19906 3002 6550 2248 12097 Egyptian_Mau_118.jpg
8814 25910 1562 4371 2065 7454 Persian_105.jpg
16980 30218 1099 1188 90 601 keeshond_182.jpg
4005 8263 1524 7727 3922 24735 Sphynx_46.jpg
15836 23389 1695 3079 1683 4494 Birman_68.jpg
5998 9562 3681 6549 5982 18404 chihuahua_9.jpg
6604 9904 5079 11278 5010 12301 Ragdoll_52.jpg
10938 23860 2082 3513 2279 7504 basset_hound_22.jpg
2367 5964 2046 2457 11371 25971 scottish_terrier_183.jpg
8765 12569 3774 7064 3335 14669 chihuahua_61.jpg
2597 7231 1861 5770 13585 19132 Egyptian_Mau_52.jpg
3921 8491 2809 4017 11067 19871 Sphynx_230.jpg
7841 17533 2463 3831 3230 15278 Ragdoll_53.jpg
7947 20802 2927 3614 4782 10104 newfoundland_186.jpg
10765 17199 2167 7138 3188 9719 Bombay_21.jpg
434 1428 1485 2205 10209 34415 shiba_inu_93.jpg
14749 23565 1663 4936 1195 4068 Egyptian_Mau_80.jpg
1688 6092 1135 4436 6603 30222 Bengal_113.jpg
