### border=300, eps=15, min_samples=5, k=10, value_border=(1 / 10) * 0.5
### 所要時間 367.2919993400574 sec
11812 28626 1742 1709 1591 4696 basset_hound_23.jpg
13513 23235 995 4787 2891 4755 boxer_64.jpg
8164 15142 2502 2759 7725 13884 newfoundland_198.jpg
5697 11128 2037 4775 6467 20072 Sphynx_72.jpg
13857 26810 1098 3651 1018 3742 keeshond_6.jpg
13991 12579 2964 4703 2960 12979 chihuahua_38.jpg
8116 13172 3763 4681 4404 16040 Siamese_210.jpg
7248 19031 3400 6152 2696 11649 Egyptian_Mau_118.jpg
9967 24757 1683 4250 2511 7008 Persian_105.jpg
20285 26913 1218 1069 81 610 keeshond_182.jpg
5236 7032 1346 7905 4536 24121 Sphynx_46.jpg
16853 22372 1720 3054 1904 4273 Birman_68.jpg
6664 8896 3969 6261 6700 17686 chihuahua_9.jpg
7269 9239 6190 10167 5292 12019 Ragdoll_52.jpg
12097 22701 1998 3597 2572 7211 basset_hound_22.jpg
2550 5781 2231 2272 13371 23971 scottish_terrier_183.jpg
9921 11413 3949 6889 3837 14167 chihuahua_61.jpg
3363 6465 2083 5548 15098 17619 Egyptian_Mau_52.jpg
4684 7728 2836 3990 12629 18309 Sphynx_230.jpg
7890 17484 2518 3776 3561 14947 Ragdoll_53.jpg
9033 19716 3229 3312 5159 9727 newfoundland_186.jpg
13472 14492 3278 6027 3397 9510 Bombay_21.jpg
773 1089 1978 1712 11201 33423 shiba_inu_93.jpg
16514 21800 1964 4635 1692 3571 Egyptian_Mau_80.jpg
1696 6084 1141 4430 8460 28365 Bengal_113.jpg
