### border=300, eps=15, min_samples=5, k=13, value_border=(1 / 13) * 1
### 所要時間 249.80356287956238 sec
3908 22371 1564 7988 1115 13230 Egyptian_Mau_118.jpg
4297 30427 776 5157 1448 8071 Persian_105.jpg
4664 14218 1944 9993 2074 17283 Egyptian_Mau_123.jpg
7837 39361 231 2056 16 675 keeshond_182.jpg
7003 30937 1633 3002 1280 6321 keeshond_137.jpg
0 8331 0 4503 3768 33574 scottish_terrier_183.jpg
3202 27652 0 4403 0 14919 keeshond_184.jpg
3244 25505 982 5559 1112 13774 newfoundland_186.jpg
8254 28793 1824 3672 1643 5990 english_cocker_spaniel_105.jpg
3375 19625 2429 8997 1981 13769 pomeranian_175.jpg
4507 19337 2257 8654 1488 13933 leonberger_116.jpg
3083 14959 1859 7061 2700 20514 japanese_chin_15.jpg
5313 22599 1690 6936 2171 11467 Siamese_17.jpg
1140 12017 371 3887 6628 26133 wheaten_terrier_122.jpg
2680 7666 902 3257 8065 27606 leonberger_167.jpg
3481 26357 1394 4120 2105 12719 newfoundland_112.jpg
6331 27698 449 3401 795 11502 beagle_143.jpg
6771 34822 587 3632 51 4313 Persian_163.jpg
5228 16734 1180 5259 988 20787 great_pyrenees_130.jpg
6725 23014 1698 5026 1433 12280 pomeranian_121.jpg
