### border=300, eps=15, min_samples=7, k=13, value_border=(1 / 13) * 1
### 所要時間 125.98334455490112 sec
2056 24223 290 9262 236 14109 Egyptian_Mau_118.jpg
2596 32128 275 5658 528 8991 Persian_105.jpg
2395 16487 1389 10548 1153 18204 Egyptian_Mau_123.jpg
3456 43742 21 2266 1 690 keeshond_182.jpg
2209 35731 1198 3437 718 6883 keeshond_137.jpg
875 7456 548 3955 626 36716 scottish_terrier_183.jpg
722 30132 0 4403 928 13991 keeshond_184.jpg
1184 27565 1222 5319 1285 13601 newfoundland_186.jpg
2162 34885 338 5158 112 7521 english_cocker_spaniel_105.jpg
635 22365 1210 10216 1797 13953 pomeranian_175.jpg
2025 21819 1671 9240 2023 13398 leonberger_116.jpg
1570 16472 646 8274 98 23116 japanese_chin_15.jpg
1575 26337 539 8087 770 12868 Siamese_17.jpg
414 12743 304 3954 2076 30685 wheaten_terrier_122.jpg
263 10083 292 3867 3061 32610 leonberger_167.jpg
1267 28571 958 4556 1376 13448 newfoundland_112.jpg
4757 29272 253 3597 328 11969 beagle_143.jpg
4093 37500 279 3940 30 4334 Persian_163.jpg
2922 19040 549 5890 1041 20734 great_pyrenees_130.jpg
922 28817 405 6319 67 13646 pomeranian_121.jpg
