### border=300, eps=15, min_samples=5, k=5, value_border=(1 / 5) * 0.8
### 所要時間 524.2550642490387 sec
18006 22432 1980 1471 1890 4397 basset_hound_23.jpg
16383 20365 1707 4075 3893 3753 boxer_64.jpg
12070 11236 2668 2593 10352 11257 newfoundland_198.jpg
7581 9244 2917 3895 8348 18191 Sphynx_72.jpg
17781 22886 1845 2904 1290 3470 keeshond_6.jpg
17215 9355 4591 3076 3805 12134 chihuahua_38.jpg
9214 12074 5008 3436 6241 14203 Siamese_210.jpg
11328 14951 4572 4980 3038 11307 Egyptian_Mau_118.jpg
15666 19058 2594 3339 3099 6420 Persian_105.jpg
23961 23237 1356 931 104 587 keeshond_182.jpg
6270 5998 2456 6795 6984 21673 Sphynx_46.jpg
23426 15799 1847 2927 1928 4249 Birman_68.jpg
8767 6793 4871 5359 8874 15512 chihuahua_9.jpg
9678 6830 8686 7671 6536 10775 Ragdoll_52.jpg
19384 15414 2394 3201 2655 7128 basset_hound_22.jpg
4329 4002 3164 1339 17138 20204 scottish_terrier_183.jpg
14612 6722 6154 4684 4487 13517 chihuahua_61.jpg
4411 5417 3227 4404 17639 15078 Egyptian_Mau_52.jpg
5537 6875 2907 3919 18560 12378 Sphynx_230.jpg
12507 12867 2953 3341 4328 14180 Ragdoll_53.jpg
14336 14413 4415 2126 7283 7603 newfoundland_186.jpg
16566 11398 4314 4991 4801 8106 Bombay_21.jpg
965 897 2305 1385 15672 28952 shiba_inu_93.jpg
24058 14256 2962 3637 1767 3496 Egyptian_Mau_80.jpg
2818 4962 1196 4375 14523 22302 Bengal_113.jpg
