### border=300, eps=15, min_samples=5, k=7, value_border=(1 / 7) * 0.5
### 所要時間 395.27092385292053 sec
10087 16192 3784 5768 2820 11525 Egyptian_Mau_118.jpg
12526 22198 2236 3697 2961 6558 Persian_105.jpg
10943 7939 5602 6335 4293 15064 Egyptian_Mau_123.jpg
21637 25561 1352 935 103 588 keeshond_182.jpg
16515 21425 3994 641 4948 2653 keeshond_137.jpg
4155 4176 3208 1295 15283 22059 scottish_terrier_183.jpg
7992 22862 1549 2854 8161 6758 keeshond_184.jpg
11732 17017 3690 2851 5787 9099 newfoundland_186.jpg
21828 15219 2527 2969 1677 5956 english_cocker_spaniel_105.jpg
8132 14868 5578 5848 6770 8980 pomeranian_175.jpg
11838 12006 5792 5119 4348 11073 leonberger_116.jpg
8482 9560 3299 5621 6996 16218 japanese_chin_15.jpg
11516 16396 4466 4160 6505 7133 Siamese_17.jpg
3525 9632 1267 2991 15460 17301 wheaten_terrier_122.jpg
6704 3642 2142 2017 14015 21656 leonberger_167.jpg
13118 16720 3203 2311 4413 10411 newfoundland_112.jpg
16103 17926 1792 2058 2929 9368 beagle_143.jpg
16149 25444 806 3413 1064 3300 Persian_163.jpg
8718 13244 3033 3406 8705 13070 great_pyrenees_130.jpg
15857 13882 3088 3636 3905 9808 pomeranian_121.jpg
