[['pet_dataset/Maine_Coon_162.jpg',
  4,
  [(15432, 1109, 93.29544767547307), (15432, 25120, 38.05484316433222)]],
 ['pet_dataset/Maine_Coon_133.jpg',
  4,
  [(5528, 385, 93.488922712667), (5528, 16258, 25.37409345451207)]],
 ['pet_dataset/beagle_143.jpg',
  4,
  [(26497, 11951, 68.91645859342489), (26497, 4050, 86.74174223327987)]],
 ['pet_dataset/shiba_inu_183.jpg', 4, [(0, 2392, 0.0), (0, 30962, 0.0)]],
 ['pet_dataset/Maine_Coon_162.jpg',
  6,
  [(3186, 13355, 19.261229671724806), (3186, 20581, 13.405141582867001)]],
 ['pet_dataset/Maine_Coon_133.jpg',
  6,
  [(5694, 219, 96.29629629629629), (5694, 26238, 17.83164223975949)]],
 ['pet_dataset/beagle_143.jpg',
  6,
  [(28096, 10352, 73.07532251352477), (28096, 7951, 77.94268593780342)]],
 ['pet_dataset/shiba_inu_183.jpg',
  6,
  [(1343, 1049, 56.14548494983278), (1343, 36614, 3.538214295123429)]],
 ['pet_dataset/Maine_Coon_162.jpg',
  8,
  [(8699, 7842, 52.59053261592407), (8699, 11605, 42.84377462568952)]],
 ['pet_dataset/Maine_Coon_133.jpg',
  8,
  [(5694, 219, 96.29629629629629), (5694, 29199, 16.318459289828905)]],
 ['pet_dataset/beagle_143.jpg',
  8,
  [(20078, 18370, 52.22118185601332), (20078, 5260, 79.2406661930697)]],
 ['pet_dataset/shiba_inu_183.jpg',
  8,
  [(1343, 1049, 56.14548494983278), (1343, 25364, 5.028644175684278)]],
 ['pet_dataset/Maine_Coon_162.jpg',
  10,
  [(9921, 6620, 59.97823589867602), (9921, 9032, 52.34527515432913)]],
 ['pet_dataset/Maine_Coon_133.jpg',
  10,
  [(3822, 2091, 64.63723997970574), (3822, 22837, 14.336621778761394)]],
 ['pet_dataset/beagle_143.jpg',
  10,
  [(14647, 23801, 38.09560965459842), (14647, 5130, 74.06077767103201)]],
 ['pet_dataset/shiba_inu_183.jpg',
  10,
  [(587, 1805, 24.540133779264213), (587, 21096, 2.707189964488309)]]]