[['pet_dataset/Maine_Coon_162.jpg',
  4,
  [(15447, 1094, 93.38613143098966), (15447, 25196, 38.006544792461185)]],
 ['pet_dataset/Maine_Coon_133.jpg',
  4,
  [(5694, 219, 96.29629629629629), (5694, 26321, 17.78541308761518)]],
 ['pet_dataset/beagle_143.jpg',
  4,
  [(9475, 28973, 24.643674573449854), (9475, 246, 97.46939615265919)]],
 ['pet_dataset/shiba_inu_183.jpg', 4, [(0, 2392, 0.0), (0, 19704, 0.0)]],
 ['pet_dataset/Maine_Coon_162.jpg',
  6,
  [(4217, 12324, 25.494226467565444), (4217, 12707, 24.917277239423303)]],
 ['pet_dataset/Maine_Coon_133.jpg',
  6,
  [(5694, 219, 96.29629629629629), (5694, 28353, 16.723940435280642)]],
 ['pet_dataset/beagle_143.jpg',
  6,
  [(22365, 16083, 58.16947565543071), (22365, 6036, 78.74722721030949)]],
 ['pet_dataset/shiba_inu_183.jpg',
  6,
  [(502, 1890, 20.986622073578594), (502, 30601, 1.6139922194000578)]],
 ['pet_dataset/Maine_Coon_162.jpg',
  8,
  [(5225, 11316, 31.588174838280636), (5225, 9129, 36.40100320468162)]],
 ['pet_dataset/Maine_Coon_133.jpg',
  8,
  [(5694, 219, 96.29629629629629), (5694, 21361, 21.04601737201996)]],
 ['pet_dataset/beagle_143.jpg',
  8,
  [(12774, 25674, 33.22409488139825), (12774, 5991, 68.07354116706635)]],
 ['pet_dataset/shiba_inu_183.jpg',
  8,
  [(678, 1714, 28.34448160535117), (678, 23067, 2.8553379658875553)]],
 ['pet_dataset/Maine_Coon_162.jpg',
  10,
  [(5933, 10608, 35.868448098663926), (5933, 10719, 35.62935383137161)]],
 ['pet_dataset/Maine_Coon_133.jpg',
  10,
  [(1771, 4142, 29.950955521731778), (1771, 17154, 9.357992073976222)]],
 ['pet_dataset/beagle_143.jpg',
  10,
  [(17278, 21170, 44.938618393674574), (17278, 6206, 73.57349684891841)]],
 ['pet_dataset/shiba_inu_183.jpg',
  10,
  [(789, 1603, 32.98494983277592), (789, 24505, 3.1193168340317863)]]]